
900    atoms 
890    bonds 
0    angles 

41   atom    types 
1   bond    types 
0   angle    types 

-50.0 50.0  xlo  xhi 
-50.0 50.0  ylo  yhi 
-50.0 50.0  zlo  zhi 

Masses

1 1.0  
2 1.0  
3 1.0  
4 1.0  
5 1.0  
6 1.0  
7 1.0  
8 1.0  
9 1.0  
10 1.0  
11 1.0  
12 1.0  
13 1.0  
14 1.0  
15 1.0  
16 1.0  
17 1.0  
18 1.0  
19 1.0  
20 1.0  
21 1.0  
22 1.0  
23 1.0  
24 1.0  
25 1.0  
26 1.0  
27 1.0  
28 1.0  
29 1.0  
30 1.0  
31 1.0  
32 1.0  
33 1.0  
34 1.0  
35 1.0  
36 1.0  
37 1.0  
38 1.0  
39 1.0  
40 1.0  
41 1.0  

Atoms

	1	 1 	  2  49.783915526438925  25.731829719612488   -49.687835609112966 
	2	 1 	  1  49.783915526438925  25.731829719612488   -48.687835609112966 
	3	 1 	  1  49.783915526438925  25.731829719612488   -47.687835609112966 
	4	 1 	  1  49.783915526438925  25.731829719612488   -46.687835609112966 
	5	 1 	  1  49.783915526438925  25.731829719612488   -45.687835609112966 
	6	 1 	  1  49.783915526438925  25.731829719612488   -44.687835609112966 
	7	 1 	  1  49.783915526438925  25.731829719612488   -43.687835609112966 
	8	 1 	  1  49.783915526438925  25.731829719612488   -42.687835609112966 
	9	 1 	  1  49.783915526438925  25.731829719612488   -41.687835609112966 
	10	 1 	  1  49.783915526438925  25.731829719612488   -40.687835609112966 
	11	 1 	  1  49.783915526438925  25.731829719612488   -39.687835609112966 
	12	 1 	  1  49.783915526438925  25.731829719612488   -38.687835609112966 
	13	 1 	  1  49.783915526438925  25.731829719612488   -37.687835609112966 
	14	 1 	  1  49.783915526438925  25.731829719612488   -36.687835609112966 
	15	 1 	  1  49.783915526438925  25.731829719612488   -35.687835609112966 
	16	 1 	  1  49.783915526438925  25.731829719612488   -34.687835609112966 
	17	 1 	  1  49.783915526438925  25.731829719612488   -33.687835609112966 
	18	 1 	  1  49.783915526438925  25.731829719612488   -32.687835609112966 
	19	 1 	  1  49.783915526438925  25.731829719612488   -31.687835609112966 
	20	 1 	  1  49.783915526438925  25.731829719612488   -30.687835609112966 
	21	 1 	  1  49.783915526438925  25.731829719612488   -29.687835609112966 
	22	 1 	  1  49.783915526438925  25.731829719612488   -28.687835609112966 
	23	 1 	  1  49.783915526438925  25.731829719612488   -27.687835609112966 
	24	 1 	  1  49.783915526438925  25.731829719612488   -26.687835609112966 
	25	 1 	  1  49.783915526438925  25.731829719612488   -25.687835609112966 
	26	 1 	  1  49.783915526438925  25.731829719612488   -24.687835609112966 
	27	 1 	  1  49.783915526438925  25.731829719612488   -23.687835609112966 
	28	 1 	  1  49.783915526438925  25.731829719612488   -22.687835609112966 
	29	 1 	  1  49.783915526438925  25.731829719612488   -21.687835609112966 
	30	 1 	  3  49.783915526438925  25.731829719612488   -20.687835609112966 
	31	 1 	  1  49.783915526438925  25.731829719612488   -19.687835609112966 
	32	 1 	  1  49.783915526438925  25.731829719612488   -18.687835609112966 
	33	 1 	  1  49.783915526438925  25.731829719612488   -17.687835609112966 
	34	 1 	  1  49.783915526438925  25.731829719612488   -16.687835609112966 
	35	 1 	  1  49.783915526438925  25.731829719612488   -15.687835609112966 
	36	 1 	  1  49.783915526438925  25.731829719612488   -14.687835609112966 
	37	 1 	  1  49.783915526438925  25.731829719612488   -13.687835609112966 
	38	 1 	  1  49.783915526438925  25.731829719612488   -12.687835609112966 
	39	 1 	  1  49.783915526438925  25.731829719612488   -11.687835609112966 
	40	 1 	  1  49.783915526438925  25.731829719612488   -10.687835609112966 
	41	 1 	  1  49.783915526438925  25.731829719612488   -9.687835609112966 
	42	 1 	  1  49.783915526438925  25.731829719612488   -8.687835609112966 
	43	 1 	  1  49.783915526438925  25.731829719612488   -7.687835609112966 
	44	 1 	  1  49.783915526438925  25.731829719612488   -6.687835609112966 
	45	 1 	  1  49.783915526438925  25.731829719612488   -5.687835609112966 
	46	 1 	  1  49.783915526438925  25.731829719612488   -4.687835609112966 
	47	 1 	  1  49.783915526438925  25.731829719612488   -3.687835609112966 
	48	 1 	  1  49.783915526438925  25.731829719612488   -2.687835609112966 
	49	 1 	  1  49.783915526438925  25.731829719612488   -1.687835609112966 
	50	 1 	  1  49.783915526438925  25.731829719612488   -0.687835609112966 
	51	 1 	  1  49.783915526438925  25.731829719612488   0.31216439088703396 
	52	 1 	  1  49.783915526438925  25.731829719612488   1.312164390887034 
	53	 1 	  1  49.783915526438925  25.731829719612488   2.312164390887034 
	54	 1 	  1  49.783915526438925  25.731829719612488   3.312164390887034 
	55	 1 	  1  49.783915526438925  25.731829719612488   4.312164390887034 
	56	 1 	  1  49.783915526438925  25.731829719612488   5.312164390887034 
	57	 1 	  1  49.783915526438925  25.731829719612488   6.312164390887034 
	58	 1 	  1  49.783915526438925  25.731829719612488   7.312164390887034 
	59	 1 	  1  49.783915526438925  25.731829719612488   8.312164390887034 
	60	 1 	  4  49.783915526438925  25.731829719612488   9.312164390887034 
	61	 1 	  1  49.783915526438925  25.731829719612488   10.312164390887034 
	62	 1 	  1  49.783915526438925  25.731829719612488   11.312164390887034 
	63	 1 	  1  49.783915526438925  25.731829719612488   12.312164390887034 
	64	 1 	  1  49.783915526438925  25.731829719612488   13.312164390887034 
	65	 1 	  1  49.783915526438925  25.731829719612488   14.312164390887034 
	66	 1 	  1  49.783915526438925  25.731829719612488   15.312164390887034 
	67	 1 	  1  49.783915526438925  25.731829719612488   16.312164390887034 
	68	 1 	  1  49.783915526438925  25.731829719612488   17.312164390887034 
	69	 1 	  1  49.783915526438925  25.731829719612488   18.312164390887034 
	70	 1 	  1  49.783915526438925  25.731829719612488   19.312164390887034 
	71	 1 	  1  49.783915526438925  25.731829719612488   20.312164390887034 
	72	 1 	  1  49.783915526438925  25.731829719612488   21.312164390887034 
	73	 1 	  1  49.783915526438925  25.731829719612488   22.312164390887034 
	74	 1 	  1  49.783915526438925  25.731829719612488   23.312164390887034 
	75	 1 	  1  49.783915526438925  25.731829719612488   24.312164390887034 
	76	 1 	  1  49.783915526438925  25.731829719612488   25.312164390887034 
	77	 1 	  1  49.783915526438925  25.731829719612488   26.312164390887034 
	78	 1 	  1  49.783915526438925  25.731829719612488   27.312164390887034 
	79	 1 	  1  49.783915526438925  25.731829719612488   28.312164390887034 
	80	 1 	  1  49.783915526438925  25.731829719612488   29.312164390887034 
	81	 1 	  1  49.783915526438925  25.731829719612488   30.312164390887034 
	82	 1 	  1  49.783915526438925  25.731829719612488   31.312164390887034 
	83	 1 	  1  49.783915526438925  25.731829719612488   32.312164390887034 
	84	 1 	  1  49.783915526438925  25.731829719612488   33.312164390887034 
	85	 1 	  1  49.783915526438925  25.731829719612488   34.312164390887034 
	86	 1 	  1  49.783915526438925  25.731829719612488   35.312164390887034 
	87	 1 	  1  49.783915526438925  25.731829719612488   36.312164390887034 
	88	 1 	  1  49.783915526438925  25.731829719612488   37.312164390887034 
	89	 1 	  1  49.783915526438925  25.731829719612488   38.312164390887034 
	90	 1 	  5  49.783915526438925  25.731829719612488   39.312164390887034 
	91	 2 	  6  -21.94806490208222  47.44034752025964   -43.91911896132223 
	92	 2 	  1  -21.94806490208222  47.44034752025964   -42.91911896132223 
	93	 2 	  1  -21.94806490208222  47.44034752025964   -41.91911896132223 
	94	 2 	  1  -21.94806490208222  47.44034752025964   -40.91911896132223 
	95	 2 	  1  -21.94806490208222  47.44034752025964   -39.91911896132223 
	96	 2 	  1  -21.94806490208222  47.44034752025964   -38.91911896132223 
	97	 2 	  1  -21.94806490208222  47.44034752025964   -37.91911896132223 
	98	 2 	  1  -21.94806490208222  47.44034752025964   -36.91911896132223 
	99	 2 	  1  -21.94806490208222  47.44034752025964   -35.91911896132223 
	100	 2 	  1  -21.94806490208222  47.44034752025964   -34.91911896132223 
	101	 2 	  1  -21.94806490208222  47.44034752025964   -33.91911896132223 
	102	 2 	  1  -21.94806490208222  47.44034752025964   -32.91911896132223 
	103	 2 	  1  -21.94806490208222  47.44034752025964   -31.919118961322233 
	104	 2 	  1  -21.94806490208222  47.44034752025964   -30.919118961322233 
	105	 2 	  1  -21.94806490208222  47.44034752025964   -29.919118961322233 
	106	 2 	  1  -21.94806490208222  47.44034752025964   -28.919118961322233 
	107	 2 	  1  -21.94806490208222  47.44034752025964   -27.919118961322233 
	108	 2 	  1  -21.94806490208222  47.44034752025964   -26.919118961322233 
	109	 2 	  1  -21.94806490208222  47.44034752025964   -25.919118961322233 
	110	 2 	  1  -21.94806490208222  47.44034752025964   -24.919118961322233 
	111	 2 	  1  -21.94806490208222  47.44034752025964   -23.919118961322233 
	112	 2 	  1  -21.94806490208222  47.44034752025964   -22.919118961322233 
	113	 2 	  1  -21.94806490208222  47.44034752025964   -21.919118961322233 
	114	 2 	  1  -21.94806490208222  47.44034752025964   -20.919118961322233 
	115	 2 	  1  -21.94806490208222  47.44034752025964   -19.919118961322233 
	116	 2 	  1  -21.94806490208222  47.44034752025964   -18.919118961322233 
	117	 2 	  1  -21.94806490208222  47.44034752025964   -17.919118961322233 
	118	 2 	  1  -21.94806490208222  47.44034752025964   -16.919118961322233 
	119	 2 	  1  -21.94806490208222  47.44034752025964   -15.919118961322233 
	120	 2 	  7  -21.94806490208222  47.44034752025964   -14.919118961322233 
	121	 2 	  1  -21.94806490208222  47.44034752025964   -13.919118961322233 
	122	 2 	  1  -21.94806490208222  47.44034752025964   -12.919118961322233 
	123	 2 	  1  -21.94806490208222  47.44034752025964   -11.919118961322233 
	124	 2 	  1  -21.94806490208222  47.44034752025964   -10.919118961322233 
	125	 2 	  1  -21.94806490208222  47.44034752025964   -9.919118961322233 
	126	 2 	  1  -21.94806490208222  47.44034752025964   -8.919118961322233 
	127	 2 	  1  -21.94806490208222  47.44034752025964   -7.9191189613222335 
	128	 2 	  1  -21.94806490208222  47.44034752025964   -6.9191189613222335 
	129	 2 	  1  -21.94806490208222  47.44034752025964   -5.9191189613222335 
	130	 2 	  1  -21.94806490208222  47.44034752025964   -4.9191189613222335 
	131	 2 	  1  -21.94806490208222  47.44034752025964   -3.9191189613222335 
	132	 2 	  1  -21.94806490208222  47.44034752025964   -2.9191189613222335 
	133	 2 	  1  -21.94806490208222  47.44034752025964   -1.9191189613222335 
	134	 2 	  1  -21.94806490208222  47.44034752025964   -0.9191189613222335 
	135	 2 	  1  -21.94806490208222  47.44034752025964   0.08088103867776653 
	136	 2 	  1  -21.94806490208222  47.44034752025964   1.0808810386777665 
	137	 2 	  1  -21.94806490208222  47.44034752025964   2.0808810386777665 
	138	 2 	  1  -21.94806490208222  47.44034752025964   3.0808810386777665 
	139	 2 	  1  -21.94806490208222  47.44034752025964   4.0808810386777665 
	140	 2 	  1  -21.94806490208222  47.44034752025964   5.0808810386777665 
	141	 2 	  1  -21.94806490208222  47.44034752025964   6.0808810386777665 
	142	 2 	  1  -21.94806490208222  47.44034752025964   7.0808810386777665 
	143	 2 	  1  -21.94806490208222  47.44034752025964   8.080881038677767 
	144	 2 	  1  -21.94806490208222  47.44034752025964   9.080881038677767 
	145	 2 	  1  -21.94806490208222  47.44034752025964   10.080881038677767 
	146	 2 	  1  -21.94806490208222  47.44034752025964   11.080881038677767 
	147	 2 	  1  -21.94806490208222  47.44034752025964   12.080881038677767 
	148	 2 	  1  -21.94806490208222  47.44034752025964   13.080881038677767 
	149	 2 	  1  -21.94806490208222  47.44034752025964   14.080881038677767 
	150	 2 	  8  -21.94806490208222  47.44034752025964   15.080881038677767 
	151	 2 	  1  -21.94806490208222  47.44034752025964   16.080881038677767 
	152	 2 	  1  -21.94806490208222  47.44034752025964   17.080881038677767 
	153	 2 	  1  -21.94806490208222  47.44034752025964   18.080881038677767 
	154	 2 	  1  -21.94806490208222  47.44034752025964   19.080881038677767 
	155	 2 	  1  -21.94806490208222  47.44034752025964   20.080881038677767 
	156	 2 	  1  -21.94806490208222  47.44034752025964   21.080881038677767 
	157	 2 	  1  -21.94806490208222  47.44034752025964   22.080881038677767 
	158	 2 	  1  -21.94806490208222  47.44034752025964   23.080881038677767 
	159	 2 	  1  -21.94806490208222  47.44034752025964   24.080881038677767 
	160	 2 	  1  -21.94806490208222  47.44034752025964   25.080881038677767 
	161	 2 	  1  -21.94806490208222  47.44034752025964   26.080881038677767 
	162	 2 	  1  -21.94806490208222  47.44034752025964   27.080881038677767 
	163	 2 	  1  -21.94806490208222  47.44034752025964   28.080881038677767 
	164	 2 	  1  -21.94806490208222  47.44034752025964   29.080881038677767 
	165	 2 	  1  -21.94806490208222  47.44034752025964   30.080881038677767 
	166	 2 	  1  -21.94806490208222  47.44034752025964   31.080881038677767 
	167	 2 	  1  -21.94806490208222  47.44034752025964   32.08088103867777 
	168	 2 	  1  -21.94806490208222  47.44034752025964   33.08088103867777 
	169	 2 	  1  -21.94806490208222  47.44034752025964   34.08088103867777 
	170	 2 	  1  -21.94806490208222  47.44034752025964   35.08088103867777 
	171	 2 	  1  -21.94806490208222  47.44034752025964   36.08088103867777 
	172	 2 	  1  -21.94806490208222  47.44034752025964   37.08088103867777 
	173	 2 	  1  -21.94806490208222  47.44034752025964   38.08088103867777 
	174	 2 	  1  -21.94806490208222  47.44034752025964   39.08088103867777 
	175	 2 	  1  -21.94806490208222  47.44034752025964   40.08088103867777 
	176	 2 	  1  -21.94806490208222  47.44034752025964   41.08088103867777 
	177	 2 	  1  -21.94806490208222  47.44034752025964   42.08088103867777 
	178	 2 	  1  -21.94806490208222  47.44034752025964   43.08088103867777 
	179	 2 	  1  -21.94806490208222  47.44034752025964   44.08088103867777 
	180	 2 	  9  -21.94806490208222  47.44034752025964   45.08088103867777 
	181	 3 	  10  42.73540353136558  -34.35036621734127   -40.64612127244154 
	182	 3 	  1  42.73540353136558  -34.35036621734127   -39.64612127244154 
	183	 3 	  1  42.73540353136558  -34.35036621734127   -38.64612127244154 
	184	 3 	  1  42.73540353136558  -34.35036621734127   -37.64612127244154 
	185	 3 	  1  42.73540353136558  -34.35036621734127   -36.64612127244154 
	186	 3 	  1  42.73540353136558  -34.35036621734127   -35.64612127244154 
	187	 3 	  1  42.73540353136558  -34.35036621734127   -34.64612127244154 
	188	 3 	  1  42.73540353136558  -34.35036621734127   -33.64612127244154 
	189	 3 	  1  42.73540353136558  -34.35036621734127   -32.64612127244154 
	190	 3 	  1  42.73540353136558  -34.35036621734127   -31.64612127244154 
	191	 3 	  1  42.73540353136558  -34.35036621734127   -30.64612127244154 
	192	 3 	  1  42.73540353136558  -34.35036621734127   -29.64612127244154 
	193	 3 	  1  42.73540353136558  -34.35036621734127   -28.64612127244154 
	194	 3 	  1  42.73540353136558  -34.35036621734127   -27.64612127244154 
	195	 3 	  1  42.73540353136558  -34.35036621734127   -26.64612127244154 
	196	 3 	  1  42.73540353136558  -34.35036621734127   -25.64612127244154 
	197	 3 	  1  42.73540353136558  -34.35036621734127   -24.64612127244154 
	198	 3 	  1  42.73540353136558  -34.35036621734127   -23.64612127244154 
	199	 3 	  1  42.73540353136558  -34.35036621734127   -22.64612127244154 
	200	 3 	  1  42.73540353136558  -34.35036621734127   -21.64612127244154 
	201	 3 	  1  42.73540353136558  -34.35036621734127   -20.64612127244154 
	202	 3 	  1  42.73540353136558  -34.35036621734127   -19.64612127244154 
	203	 3 	  1  42.73540353136558  -34.35036621734127   -18.64612127244154 
	204	 3 	  1  42.73540353136558  -34.35036621734127   -17.64612127244154 
	205	 3 	  1  42.73540353136558  -34.35036621734127   -16.64612127244154 
	206	 3 	  1  42.73540353136558  -34.35036621734127   -15.64612127244154 
	207	 3 	  1  42.73540353136558  -34.35036621734127   -14.64612127244154 
	208	 3 	  1  42.73540353136558  -34.35036621734127   -13.64612127244154 
	209	 3 	  1  42.73540353136558  -34.35036621734127   -12.64612127244154 
	210	 3 	  11  42.73540353136558  -34.35036621734127   -11.64612127244154 
	211	 3 	  1  42.73540353136558  -34.35036621734127   -10.64612127244154 
	212	 3 	  1  42.73540353136558  -34.35036621734127   -9.64612127244154 
	213	 3 	  1  42.73540353136558  -34.35036621734127   -8.64612127244154 
	214	 3 	  1  42.73540353136558  -34.35036621734127   -7.64612127244154 
	215	 3 	  1  42.73540353136558  -34.35036621734127   -6.64612127244154 
	216	 3 	  1  42.73540353136558  -34.35036621734127   -5.64612127244154 
	217	 3 	  1  42.73540353136558  -34.35036621734127   -4.64612127244154 
	218	 3 	  1  42.73540353136558  -34.35036621734127   -3.6461212724415404 
	219	 3 	  1  42.73540353136558  -34.35036621734127   -2.6461212724415404 
	220	 3 	  1  42.73540353136558  -34.35036621734127   -1.6461212724415404 
	221	 3 	  1  42.73540353136558  -34.35036621734127   -0.6461212724415404 
	222	 3 	  1  42.73540353136558  -34.35036621734127   0.3538787275584596 
	223	 3 	  1  42.73540353136558  -34.35036621734127   1.3538787275584596 
	224	 3 	  1  42.73540353136558  -34.35036621734127   2.3538787275584596 
	225	 3 	  1  42.73540353136558  -34.35036621734127   3.3538787275584596 
	226	 3 	  1  42.73540353136558  -34.35036621734127   4.35387872755846 
	227	 3 	  1  42.73540353136558  -34.35036621734127   5.35387872755846 
	228	 3 	  1  42.73540353136558  -34.35036621734127   6.35387872755846 
	229	 3 	  1  42.73540353136558  -34.35036621734127   7.35387872755846 
	230	 3 	  1  42.73540353136558  -34.35036621734127   8.35387872755846 
	231	 3 	  1  42.73540353136558  -34.35036621734127   9.35387872755846 
	232	 3 	  1  42.73540353136558  -34.35036621734127   10.35387872755846 
	233	 3 	  1  42.73540353136558  -34.35036621734127   11.35387872755846 
	234	 3 	  1  42.73540353136558  -34.35036621734127   12.35387872755846 
	235	 3 	  1  42.73540353136558  -34.35036621734127   13.35387872755846 
	236	 3 	  1  42.73540353136558  -34.35036621734127   14.35387872755846 
	237	 3 	  1  42.73540353136558  -34.35036621734127   15.35387872755846 
	238	 3 	  1  42.73540353136558  -34.35036621734127   16.35387872755846 
	239	 3 	  1  42.73540353136558  -34.35036621734127   17.35387872755846 
	240	 3 	  12  42.73540353136558  -34.35036621734127   18.35387872755846 
	241	 3 	  1  42.73540353136558  -34.35036621734127   19.35387872755846 
	242	 3 	  1  42.73540353136558  -34.35036621734127   20.35387872755846 
	243	 3 	  1  42.73540353136558  -34.35036621734127   21.35387872755846 
	244	 3 	  1  42.73540353136558  -34.35036621734127   22.35387872755846 
	245	 3 	  1  42.73540353136558  -34.35036621734127   23.35387872755846 
	246	 3 	  1  42.73540353136558  -34.35036621734127   24.35387872755846 
	247	 3 	  1  42.73540353136558  -34.35036621734127   25.35387872755846 
	248	 3 	  1  42.73540353136558  -34.35036621734127   26.35387872755846 
	249	 3 	  1  42.73540353136558  -34.35036621734127   27.35387872755846 
	250	 3 	  1  42.73540353136558  -34.35036621734127   28.35387872755846 
	251	 3 	  1  42.73540353136558  -34.35036621734127   29.35387872755846 
	252	 3 	  1  42.73540353136558  -34.35036621734127   30.35387872755846 
	253	 3 	  1  42.73540353136558  -34.35036621734127   31.35387872755846 
	254	 3 	  1  42.73540353136558  -34.35036621734127   32.35387872755846 
	255	 3 	  1  42.73540353136558  -34.35036621734127   33.35387872755846 
	256	 3 	  1  42.73540353136558  -34.35036621734127   34.35387872755846 
	257	 3 	  1  42.73540353136558  -34.35036621734127   35.35387872755846 
	258	 3 	  1  42.73540353136558  -34.35036621734127   36.35387872755846 
	259	 3 	  1  42.73540353136558  -34.35036621734127   37.35387872755846 
	260	 3 	  1  42.73540353136558  -34.35036621734127   38.35387872755846 
	261	 3 	  1  42.73540353136558  -34.35036621734127   39.35387872755846 
	262	 3 	  1  42.73540353136558  -34.35036621734127   40.35387872755846 
	263	 3 	  1  42.73540353136558  -34.35036621734127   41.35387872755846 
	264	 3 	  1  42.73540353136558  -34.35036621734127   42.35387872755846 
	265	 3 	  1  42.73540353136558  -34.35036621734127   43.35387872755846 
	266	 3 	  1  42.73540353136558  -34.35036621734127   44.35387872755846 
	267	 3 	  1  42.73540353136558  -34.35036621734127   45.35387872755846 
	268	 3 	  1  42.73540353136558  -34.35036621734127   46.35387872755846 
	269	 3 	  1  42.73540353136558  -34.35036621734127   47.35387872755846 
	270	 3 	  13  42.73540353136558  -34.35036621734127   48.35387872755846 
	271	 4 	  14  -24.846302615093986  -1.5199739105921428   -40.46827381153618 
	272	 4 	  1  -24.846302615093986  -1.5199739105921428   -39.46827381153618 
	273	 4 	  1  -24.846302615093986  -1.5199739105921428   -38.46827381153618 
	274	 4 	  1  -24.846302615093986  -1.5199739105921428   -37.46827381153618 
	275	 4 	  1  -24.846302615093986  -1.5199739105921428   -36.46827381153618 
	276	 4 	  1  -24.846302615093986  -1.5199739105921428   -35.46827381153618 
	277	 4 	  1  -24.846302615093986  -1.5199739105921428   -34.46827381153618 
	278	 4 	  1  -24.846302615093986  -1.5199739105921428   -33.46827381153618 
	279	 4 	  1  -24.846302615093986  -1.5199739105921428   -32.46827381153618 
	280	 4 	  1  -24.846302615093986  -1.5199739105921428   -31.46827381153618 
	281	 4 	  1  -24.846302615093986  -1.5199739105921428   -30.46827381153618 
	282	 4 	  1  -24.846302615093986  -1.5199739105921428   -29.46827381153618 
	283	 4 	  1  -24.846302615093986  -1.5199739105921428   -28.46827381153618 
	284	 4 	  1  -24.846302615093986  -1.5199739105921428   -27.46827381153618 
	285	 4 	  1  -24.846302615093986  -1.5199739105921428   -26.46827381153618 
	286	 4 	  1  -24.846302615093986  -1.5199739105921428   -25.46827381153618 
	287	 4 	  1  -24.846302615093986  -1.5199739105921428   -24.46827381153618 
	288	 4 	  1  -24.846302615093986  -1.5199739105921428   -23.46827381153618 
	289	 4 	  1  -24.846302615093986  -1.5199739105921428   -22.46827381153618 
	290	 4 	  1  -24.846302615093986  -1.5199739105921428   -21.46827381153618 
	291	 4 	  1  -24.846302615093986  -1.5199739105921428   -20.46827381153618 
	292	 4 	  1  -24.846302615093986  -1.5199739105921428   -19.46827381153618 
	293	 4 	  1  -24.846302615093986  -1.5199739105921428   -18.46827381153618 
	294	 4 	  1  -24.846302615093986  -1.5199739105921428   -17.46827381153618 
	295	 4 	  1  -24.846302615093986  -1.5199739105921428   -16.46827381153618 
	296	 4 	  1  -24.846302615093986  -1.5199739105921428   -15.468273811536179 
	297	 4 	  1  -24.846302615093986  -1.5199739105921428   -14.468273811536179 
	298	 4 	  1  -24.846302615093986  -1.5199739105921428   -13.468273811536179 
	299	 4 	  1  -24.846302615093986  -1.5199739105921428   -12.468273811536179 
	300	 4 	  15  -24.846302615093986  -1.5199739105921428   -11.468273811536179 
	301	 4 	  1  -24.846302615093986  -1.5199739105921428   -10.468273811536179 
	302	 4 	  1  -24.846302615093986  -1.5199739105921428   -9.468273811536179 
	303	 4 	  1  -24.846302615093986  -1.5199739105921428   -8.468273811536179 
	304	 4 	  1  -24.846302615093986  -1.5199739105921428   -7.468273811536179 
	305	 4 	  1  -24.846302615093986  -1.5199739105921428   -6.468273811536179 
	306	 4 	  1  -24.846302615093986  -1.5199739105921428   -5.468273811536179 
	307	 4 	  1  -24.846302615093986  -1.5199739105921428   -4.468273811536179 
	308	 4 	  1  -24.846302615093986  -1.5199739105921428   -3.4682738115361786 
	309	 4 	  1  -24.846302615093986  -1.5199739105921428   -2.4682738115361786 
	310	 4 	  1  -24.846302615093986  -1.5199739105921428   -1.4682738115361786 
	311	 4 	  1  -24.846302615093986  -1.5199739105921428   -0.46827381153617864 
	312	 4 	  1  -24.846302615093986  -1.5199739105921428   0.5317261884638214 
	313	 4 	  1  -24.846302615093986  -1.5199739105921428   1.5317261884638214 
	314	 4 	  1  -24.846302615093986  -1.5199739105921428   2.5317261884638214 
	315	 4 	  1  -24.846302615093986  -1.5199739105921428   3.5317261884638214 
	316	 4 	  1  -24.846302615093986  -1.5199739105921428   4.531726188463821 
	317	 4 	  1  -24.846302615093986  -1.5199739105921428   5.531726188463821 
	318	 4 	  1  -24.846302615093986  -1.5199739105921428   6.531726188463821 
	319	 4 	  1  -24.846302615093986  -1.5199739105921428   7.531726188463821 
	320	 4 	  1  -24.846302615093986  -1.5199739105921428   8.531726188463821 
	321	 4 	  1  -24.846302615093986  -1.5199739105921428   9.531726188463821 
	322	 4 	  1  -24.846302615093986  -1.5199739105921428   10.531726188463821 
	323	 4 	  1  -24.846302615093986  -1.5199739105921428   11.531726188463821 
	324	 4 	  1  -24.846302615093986  -1.5199739105921428   12.531726188463821 
	325	 4 	  1  -24.846302615093986  -1.5199739105921428   13.531726188463821 
	326	 4 	  1  -24.846302615093986  -1.5199739105921428   14.531726188463821 
	327	 4 	  1  -24.846302615093986  -1.5199739105921428   15.531726188463821 
	328	 4 	  1  -24.846302615093986  -1.5199739105921428   16.53172618846382 
	329	 4 	  1  -24.846302615093986  -1.5199739105921428   17.53172618846382 
	330	 4 	  16  -24.846302615093986  -1.5199739105921428   18.53172618846382 
	331	 4 	  1  -24.846302615093986  -1.5199739105921428   19.53172618846382 
	332	 4 	  1  -24.846302615093986  -1.5199739105921428   20.53172618846382 
	333	 4 	  1  -24.846302615093986  -1.5199739105921428   21.53172618846382 
	334	 4 	  1  -24.846302615093986  -1.5199739105921428   22.53172618846382 
	335	 4 	  1  -24.846302615093986  -1.5199739105921428   23.53172618846382 
	336	 4 	  1  -24.846302615093986  -1.5199739105921428   24.53172618846382 
	337	 4 	  1  -24.846302615093986  -1.5199739105921428   25.53172618846382 
	338	 4 	  1  -24.846302615093986  -1.5199739105921428   26.53172618846382 
	339	 4 	  1  -24.846302615093986  -1.5199739105921428   27.53172618846382 
	340	 4 	  1  -24.846302615093986  -1.5199739105921428   28.53172618846382 
	341	 4 	  1  -24.846302615093986  -1.5199739105921428   29.53172618846382 
	342	 4 	  1  -24.846302615093986  -1.5199739105921428   30.53172618846382 
	343	 4 	  1  -24.846302615093986  -1.5199739105921428   31.53172618846382 
	344	 4 	  1  -24.846302615093986  -1.5199739105921428   32.53172618846382 
	345	 4 	  1  -24.846302615093986  -1.5199739105921428   33.53172618846382 
	346	 4 	  1  -24.846302615093986  -1.5199739105921428   34.53172618846382 
	347	 4 	  1  -24.846302615093986  -1.5199739105921428   35.53172618846382 
	348	 4 	  1  -24.846302615093986  -1.5199739105921428   36.53172618846382 
	349	 4 	  1  -24.846302615093986  -1.5199739105921428   37.53172618846382 
	350	 4 	  1  -24.846302615093986  -1.5199739105921428   38.53172618846382 
	351	 4 	  1  -24.846302615093986  -1.5199739105921428   39.53172618846382 
	352	 4 	  1  -24.846302615093986  -1.5199739105921428   40.53172618846382 
	353	 4 	  1  -24.846302615093986  -1.5199739105921428   41.53172618846382 
	354	 4 	  1  -24.846302615093986  -1.5199739105921428   42.53172618846382 
	355	 4 	  1  -24.846302615093986  -1.5199739105921428   43.53172618846382 
	356	 4 	  1  -24.846302615093986  -1.5199739105921428   44.53172618846382 
	357	 4 	  1  -24.846302615093986  -1.5199739105921428   45.53172618846382 
	358	 4 	  1  -24.846302615093986  -1.5199739105921428   46.53172618846382 
	359	 4 	  1  -24.846302615093986  -1.5199739105921428   47.53172618846382 
	360	 4 	  17  -24.846302615093986  -1.5199739105921428   48.53172618846382 
	361	 5 	  18  0.9363622729938403  -34.30542871297776   -43.14615185419449 
	362	 5 	  1  0.9363622729938403  -34.30542871297776   -42.14615185419449 
	363	 5 	  1  0.9363622729938403  -34.30542871297776   -41.14615185419449 
	364	 5 	  1  0.9363622729938403  -34.30542871297776   -40.14615185419449 
	365	 5 	  1  0.9363622729938403  -34.30542871297776   -39.14615185419449 
	366	 5 	  1  0.9363622729938403  -34.30542871297776   -38.14615185419449 
	367	 5 	  1  0.9363622729938403  -34.30542871297776   -37.14615185419449 
	368	 5 	  1  0.9363622729938403  -34.30542871297776   -36.14615185419449 
	369	 5 	  1  0.9363622729938403  -34.30542871297776   -35.14615185419449 
	370	 5 	  1  0.9363622729938403  -34.30542871297776   -34.14615185419449 
	371	 5 	  1  0.9363622729938403  -34.30542871297776   -33.14615185419449 
	372	 5 	  1  0.9363622729938403  -34.30542871297776   -32.14615185419449 
	373	 5 	  1  0.9363622729938403  -34.30542871297776   -31.146151854194493 
	374	 5 	  1  0.9363622729938403  -34.30542871297776   -30.146151854194493 
	375	 5 	  1  0.9363622729938403  -34.30542871297776   -29.146151854194493 
	376	 5 	  1  0.9363622729938403  -34.30542871297776   -28.146151854194493 
	377	 5 	  1  0.9363622729938403  -34.30542871297776   -27.146151854194493 
	378	 5 	  1  0.9363622729938403  -34.30542871297776   -26.146151854194493 
	379	 5 	  1  0.9363622729938403  -34.30542871297776   -25.146151854194493 
	380	 5 	  1  0.9363622729938403  -34.30542871297776   -24.146151854194493 
	381	 5 	  1  0.9363622729938403  -34.30542871297776   -23.146151854194493 
	382	 5 	  1  0.9363622729938403  -34.30542871297776   -22.146151854194493 
	383	 5 	  1  0.9363622729938403  -34.30542871297776   -21.146151854194493 
	384	 5 	  1  0.9363622729938403  -34.30542871297776   -20.146151854194493 
	385	 5 	  1  0.9363622729938403  -34.30542871297776   -19.146151854194493 
	386	 5 	  1  0.9363622729938403  -34.30542871297776   -18.146151854194493 
	387	 5 	  1  0.9363622729938403  -34.30542871297776   -17.146151854194493 
	388	 5 	  1  0.9363622729938403  -34.30542871297776   -16.146151854194493 
	389	 5 	  1  0.9363622729938403  -34.30542871297776   -15.146151854194493 
	390	 5 	  19  0.9363622729938403  -34.30542871297776   -14.146151854194493 
	391	 5 	  1  0.9363622729938403  -34.30542871297776   -13.146151854194493 
	392	 5 	  1  0.9363622729938403  -34.30542871297776   -12.146151854194493 
	393	 5 	  1  0.9363622729938403  -34.30542871297776   -11.146151854194493 
	394	 5 	  1  0.9363622729938403  -34.30542871297776   -10.146151854194493 
	395	 5 	  1  0.9363622729938403  -34.30542871297776   -9.146151854194493 
	396	 5 	  1  0.9363622729938403  -34.30542871297776   -8.146151854194493 
	397	 5 	  1  0.9363622729938403  -34.30542871297776   -7.146151854194493 
	398	 5 	  1  0.9363622729938403  -34.30542871297776   -6.146151854194493 
	399	 5 	  1  0.9363622729938403  -34.30542871297776   -5.146151854194493 
	400	 5 	  1  0.9363622729938403  -34.30542871297776   -4.146151854194493 
	401	 5 	  1  0.9363622729938403  -34.30542871297776   -3.1461518541944926 
	402	 5 	  1  0.9363622729938403  -34.30542871297776   -2.1461518541944926 
	403	 5 	  1  0.9363622729938403  -34.30542871297776   -1.1461518541944926 
	404	 5 	  1  0.9363622729938403  -34.30542871297776   -0.14615185419449261 
	405	 5 	  1  0.9363622729938403  -34.30542871297776   0.8538481458055074 
	406	 5 	  1  0.9363622729938403  -34.30542871297776   1.8538481458055074 
	407	 5 	  1  0.9363622729938403  -34.30542871297776   2.8538481458055074 
	408	 5 	  1  0.9363622729938403  -34.30542871297776   3.8538481458055074 
	409	 5 	  1  0.9363622729938403  -34.30542871297776   4.853848145805507 
	410	 5 	  1  0.9363622729938403  -34.30542871297776   5.853848145805507 
	411	 5 	  1  0.9363622729938403  -34.30542871297776   6.853848145805507 
	412	 5 	  1  0.9363622729938403  -34.30542871297776   7.853848145805507 
	413	 5 	  1  0.9363622729938403  -34.30542871297776   8.853848145805507 
	414	 5 	  1  0.9363622729938403  -34.30542871297776   9.853848145805507 
	415	 5 	  1  0.9363622729938403  -34.30542871297776   10.853848145805507 
	416	 5 	  1  0.9363622729938403  -34.30542871297776   11.853848145805507 
	417	 5 	  1  0.9363622729938403  -34.30542871297776   12.853848145805507 
	418	 5 	  1  0.9363622729938403  -34.30542871297776   13.853848145805507 
	419	 5 	  1  0.9363622729938403  -34.30542871297776   14.853848145805507 
	420	 5 	  20  0.9363622729938403  -34.30542871297776   15.853848145805507 
	421	 5 	  1  0.9363622729938403  -34.30542871297776   16.853848145805507 
	422	 5 	  1  0.9363622729938403  -34.30542871297776   17.853848145805507 
	423	 5 	  1  0.9363622729938403  -34.30542871297776   18.853848145805507 
	424	 5 	  1  0.9363622729938403  -34.30542871297776   19.853848145805507 
	425	 5 	  1  0.9363622729938403  -34.30542871297776   20.853848145805507 
	426	 5 	  1  0.9363622729938403  -34.30542871297776   21.853848145805507 
	427	 5 	  1  0.9363622729938403  -34.30542871297776   22.853848145805507 
	428	 5 	  1  0.9363622729938403  -34.30542871297776   23.853848145805507 
	429	 5 	  1  0.9363622729938403  -34.30542871297776   24.853848145805507 
	430	 5 	  1  0.9363622729938403  -34.30542871297776   25.853848145805507 
	431	 5 	  1  0.9363622729938403  -34.30542871297776   26.853848145805507 
	432	 5 	  1  0.9363622729938403  -34.30542871297776   27.853848145805507 
	433	 5 	  1  0.9363622729938403  -34.30542871297776   28.853848145805507 
	434	 5 	  1  0.9363622729938403  -34.30542871297776   29.853848145805507 
	435	 5 	  1  0.9363622729938403  -34.30542871297776   30.853848145805507 
	436	 5 	  1  0.9363622729938403  -34.30542871297776   31.853848145805507 
	437	 5 	  1  0.9363622729938403  -34.30542871297776   32.85384814580551 
	438	 5 	  1  0.9363622729938403  -34.30542871297776   33.85384814580551 
	439	 5 	  1  0.9363622729938403  -34.30542871297776   34.85384814580551 
	440	 5 	  1  0.9363622729938403  -34.30542871297776   35.85384814580551 
	441	 5 	  1  0.9363622729938403  -34.30542871297776   36.85384814580551 
	442	 5 	  1  0.9363622729938403  -34.30542871297776   37.85384814580551 
	443	 5 	  1  0.9363622729938403  -34.30542871297776   38.85384814580551 
	444	 5 	  1  0.9363622729938403  -34.30542871297776   39.85384814580551 
	445	 5 	  1  0.9363622729938403  -34.30542871297776   40.85384814580551 
	446	 5 	  1  0.9363622729938403  -34.30542871297776   41.85384814580551 
	447	 5 	  1  0.9363622729938403  -34.30542871297776   42.85384814580551 
	448	 5 	  1  0.9363622729938403  -34.30542871297776   43.85384814580551 
	449	 5 	  1  0.9363622729938403  -34.30542871297776   44.85384814580551 
	450	 5 	  21  0.9363622729938403  -34.30542871297776   45.85384814580551 
	451	 6 	  22  -36.680937060469866  10.683057081492375   -49.29743043540702 
	452	 6 	  1  -36.680937060469866  10.683057081492375   -48.29743043540702 
	453	 6 	  1  -36.680937060469866  10.683057081492375   -47.29743043540702 
	454	 6 	  1  -36.680937060469866  10.683057081492375   -46.29743043540702 
	455	 6 	  1  -36.680937060469866  10.683057081492375   -45.29743043540702 
	456	 6 	  1  -36.680937060469866  10.683057081492375   -44.29743043540702 
	457	 6 	  1  -36.680937060469866  10.683057081492375   -43.29743043540702 
	458	 6 	  1  -36.680937060469866  10.683057081492375   -42.29743043540702 
	459	 6 	  1  -36.680937060469866  10.683057081492375   -41.29743043540702 
	460	 6 	  1  -36.680937060469866  10.683057081492375   -40.29743043540702 
	461	 6 	  1  -36.680937060469866  10.683057081492375   -39.29743043540702 
	462	 6 	  1  -36.680937060469866  10.683057081492375   -38.29743043540702 
	463	 6 	  1  -36.680937060469866  10.683057081492375   -37.29743043540702 
	464	 6 	  1  -36.680937060469866  10.683057081492375   -36.29743043540702 
	465	 6 	  1  -36.680937060469866  10.683057081492375   -35.29743043540702 
	466	 6 	  1  -36.680937060469866  10.683057081492375   -34.29743043540702 
	467	 6 	  1  -36.680937060469866  10.683057081492375   -33.29743043540702 
	468	 6 	  1  -36.680937060469866  10.683057081492375   -32.29743043540702 
	469	 6 	  1  -36.680937060469866  10.683057081492375   -31.297430435407023 
	470	 6 	  1  -36.680937060469866  10.683057081492375   -30.297430435407023 
	471	 6 	  1  -36.680937060469866  10.683057081492375   -29.297430435407023 
	472	 6 	  1  -36.680937060469866  10.683057081492375   -28.297430435407023 
	473	 6 	  1  -36.680937060469866  10.683057081492375   -27.297430435407023 
	474	 6 	  1  -36.680937060469866  10.683057081492375   -26.297430435407023 
	475	 6 	  1  -36.680937060469866  10.683057081492375   -25.297430435407023 
	476	 6 	  1  -36.680937060469866  10.683057081492375   -24.297430435407023 
	477	 6 	  1  -36.680937060469866  10.683057081492375   -23.297430435407023 
	478	 6 	  1  -36.680937060469866  10.683057081492375   -22.297430435407023 
	479	 6 	  1  -36.680937060469866  10.683057081492375   -21.297430435407023 
	480	 6 	  23  -36.680937060469866  10.683057081492375   -20.297430435407023 
	481	 6 	  1  -36.680937060469866  10.683057081492375   -19.297430435407023 
	482	 6 	  1  -36.680937060469866  10.683057081492375   -18.297430435407023 
	483	 6 	  1  -36.680937060469866  10.683057081492375   -17.297430435407023 
	484	 6 	  1  -36.680937060469866  10.683057081492375   -16.297430435407023 
	485	 6 	  1  -36.680937060469866  10.683057081492375   -15.297430435407023 
	486	 6 	  1  -36.680937060469866  10.683057081492375   -14.297430435407023 
	487	 6 	  1  -36.680937060469866  10.683057081492375   -13.297430435407023 
	488	 6 	  1  -36.680937060469866  10.683057081492375   -12.297430435407023 
	489	 6 	  1  -36.680937060469866  10.683057081492375   -11.297430435407023 
	490	 6 	  1  -36.680937060469866  10.683057081492375   -10.297430435407023 
	491	 6 	  1  -36.680937060469866  10.683057081492375   -9.297430435407023 
	492	 6 	  1  -36.680937060469866  10.683057081492375   -8.297430435407023 
	493	 6 	  1  -36.680937060469866  10.683057081492375   -7.297430435407023 
	494	 6 	  1  -36.680937060469866  10.683057081492375   -6.297430435407023 
	495	 6 	  1  -36.680937060469866  10.683057081492375   -5.297430435407023 
	496	 6 	  1  -36.680937060469866  10.683057081492375   -4.297430435407023 
	497	 6 	  1  -36.680937060469866  10.683057081492375   -3.2974304354070227 
	498	 6 	  1  -36.680937060469866  10.683057081492375   -2.2974304354070227 
	499	 6 	  1  -36.680937060469866  10.683057081492375   -1.2974304354070227 
	500	 6 	  1  -36.680937060469866  10.683057081492375   -0.29743043540702274 
	501	 6 	  1  -36.680937060469866  10.683057081492375   0.7025695645929773 
	502	 6 	  1  -36.680937060469866  10.683057081492375   1.7025695645929773 
	503	 6 	  1  -36.680937060469866  10.683057081492375   2.7025695645929773 
	504	 6 	  1  -36.680937060469866  10.683057081492375   3.7025695645929773 
	505	 6 	  1  -36.680937060469866  10.683057081492375   4.702569564592977 
	506	 6 	  1  -36.680937060469866  10.683057081492375   5.702569564592977 
	507	 6 	  1  -36.680937060469866  10.683057081492375   6.702569564592977 
	508	 6 	  1  -36.680937060469866  10.683057081492375   7.702569564592977 
	509	 6 	  1  -36.680937060469866  10.683057081492375   8.702569564592977 
	510	 6 	  24  -36.680937060469866  10.683057081492375   9.702569564592977 
	511	 6 	  1  -36.680937060469866  10.683057081492375   10.702569564592977 
	512	 6 	  1  -36.680937060469866  10.683057081492375   11.702569564592977 
	513	 6 	  1  -36.680937060469866  10.683057081492375   12.702569564592977 
	514	 6 	  1  -36.680937060469866  10.683057081492375   13.702569564592977 
	515	 6 	  1  -36.680937060469866  10.683057081492375   14.702569564592977 
	516	 6 	  1  -36.680937060469866  10.683057081492375   15.702569564592977 
	517	 6 	  1  -36.680937060469866  10.683057081492375   16.702569564592977 
	518	 6 	  1  -36.680937060469866  10.683057081492375   17.702569564592977 
	519	 6 	  1  -36.680937060469866  10.683057081492375   18.702569564592977 
	520	 6 	  1  -36.680937060469866  10.683057081492375   19.702569564592977 
	521	 6 	  1  -36.680937060469866  10.683057081492375   20.702569564592977 
	522	 6 	  1  -36.680937060469866  10.683057081492375   21.702569564592977 
	523	 6 	  1  -36.680937060469866  10.683057081492375   22.702569564592977 
	524	 6 	  1  -36.680937060469866  10.683057081492375   23.702569564592977 
	525	 6 	  1  -36.680937060469866  10.683057081492375   24.702569564592977 
	526	 6 	  1  -36.680937060469866  10.683057081492375   25.702569564592977 
	527	 6 	  1  -36.680937060469866  10.683057081492375   26.702569564592977 
	528	 6 	  1  -36.680937060469866  10.683057081492375   27.702569564592977 
	529	 6 	  1  -36.680937060469866  10.683057081492375   28.702569564592977 
	530	 6 	  1  -36.680937060469866  10.683057081492375   29.702569564592977 
	531	 6 	  1  -36.680937060469866  10.683057081492375   30.702569564592977 
	532	 6 	  1  -36.680937060469866  10.683057081492375   31.702569564592977 
	533	 6 	  1  -36.680937060469866  10.683057081492375   32.70256956459298 
	534	 6 	  1  -36.680937060469866  10.683057081492375   33.70256956459298 
	535	 6 	  1  -36.680937060469866  10.683057081492375   34.70256956459298 
	536	 6 	  1  -36.680937060469866  10.683057081492375   35.70256956459298 
	537	 6 	  1  -36.680937060469866  10.683057081492375   36.70256956459298 
	538	 6 	  1  -36.680937060469866  10.683057081492375   37.70256956459298 
	539	 6 	  1  -36.680937060469866  10.683057081492375   38.70256956459298 
	540	 6 	  25  -36.680937060469866  10.683057081492375   39.70256956459298 
	541	 7 	  26  -12.58261858138281  46.212812274851366   -41.72929872759712 
	542	 7 	  1  -12.58261858138281  46.212812274851366   -40.72929872759712 
	543	 7 	  1  -12.58261858138281  46.212812274851366   -39.72929872759712 
	544	 7 	  1  -12.58261858138281  46.212812274851366   -38.72929872759712 
	545	 7 	  1  -12.58261858138281  46.212812274851366   -37.72929872759712 
	546	 7 	  1  -12.58261858138281  46.212812274851366   -36.72929872759712 
	547	 7 	  1  -12.58261858138281  46.212812274851366   -35.72929872759712 
	548	 7 	  1  -12.58261858138281  46.212812274851366   -34.72929872759712 
	549	 7 	  1  -12.58261858138281  46.212812274851366   -33.72929872759712 
	550	 7 	  1  -12.58261858138281  46.212812274851366   -32.72929872759712 
	551	 7 	  1  -12.58261858138281  46.212812274851366   -31.72929872759712 
	552	 7 	  1  -12.58261858138281  46.212812274851366   -30.72929872759712 
	553	 7 	  1  -12.58261858138281  46.212812274851366   -29.72929872759712 
	554	 7 	  1  -12.58261858138281  46.212812274851366   -28.72929872759712 
	555	 7 	  1  -12.58261858138281  46.212812274851366   -27.72929872759712 
	556	 7 	  1  -12.58261858138281  46.212812274851366   -26.72929872759712 
	557	 7 	  1  -12.58261858138281  46.212812274851366   -25.72929872759712 
	558	 7 	  1  -12.58261858138281  46.212812274851366   -24.72929872759712 
	559	 7 	  1  -12.58261858138281  46.212812274851366   -23.72929872759712 
	560	 7 	  1  -12.58261858138281  46.212812274851366   -22.72929872759712 
	561	 7 	  1  -12.58261858138281  46.212812274851366   -21.72929872759712 
	562	 7 	  1  -12.58261858138281  46.212812274851366   -20.72929872759712 
	563	 7 	  1  -12.58261858138281  46.212812274851366   -19.72929872759712 
	564	 7 	  1  -12.58261858138281  46.212812274851366   -18.72929872759712 
	565	 7 	  1  -12.58261858138281  46.212812274851366   -17.72929872759712 
	566	 7 	  1  -12.58261858138281  46.212812274851366   -16.72929872759712 
	567	 7 	  1  -12.58261858138281  46.212812274851366   -15.729298727597119 
	568	 7 	  1  -12.58261858138281  46.212812274851366   -14.729298727597119 
	569	 7 	  1  -12.58261858138281  46.212812274851366   -13.729298727597119 
	570	 7 	  27  -12.58261858138281  46.212812274851366   -12.729298727597119 
	571	 7 	  1  -12.58261858138281  46.212812274851366   -11.729298727597119 
	572	 7 	  1  -12.58261858138281  46.212812274851366   -10.729298727597119 
	573	 7 	  1  -12.58261858138281  46.212812274851366   -9.729298727597119 
	574	 7 	  1  -12.58261858138281  46.212812274851366   -8.729298727597119 
	575	 7 	  1  -12.58261858138281  46.212812274851366   -7.729298727597119 
	576	 7 	  1  -12.58261858138281  46.212812274851366   -6.729298727597119 
	577	 7 	  1  -12.58261858138281  46.212812274851366   -5.729298727597119 
	578	 7 	  1  -12.58261858138281  46.212812274851366   -4.729298727597119 
	579	 7 	  1  -12.58261858138281  46.212812274851366   -3.7292987275971186 
	580	 7 	  1  -12.58261858138281  46.212812274851366   -2.7292987275971186 
	581	 7 	  1  -12.58261858138281  46.212812274851366   -1.7292987275971186 
	582	 7 	  1  -12.58261858138281  46.212812274851366   -0.7292987275971186 
	583	 7 	  1  -12.58261858138281  46.212812274851366   0.27070127240288144 
	584	 7 	  1  -12.58261858138281  46.212812274851366   1.2707012724028814 
	585	 7 	  1  -12.58261858138281  46.212812274851366   2.2707012724028814 
	586	 7 	  1  -12.58261858138281  46.212812274851366   3.2707012724028814 
	587	 7 	  1  -12.58261858138281  46.212812274851366   4.270701272402881 
	588	 7 	  1  -12.58261858138281  46.212812274851366   5.270701272402881 
	589	 7 	  1  -12.58261858138281  46.212812274851366   6.270701272402881 
	590	 7 	  1  -12.58261858138281  46.212812274851366   7.270701272402881 
	591	 7 	  1  -12.58261858138281  46.212812274851366   8.270701272402881 
	592	 7 	  1  -12.58261858138281  46.212812274851366   9.270701272402881 
	593	 7 	  1  -12.58261858138281  46.212812274851366   10.270701272402881 
	594	 7 	  1  -12.58261858138281  46.212812274851366   11.270701272402881 
	595	 7 	  1  -12.58261858138281  46.212812274851366   12.270701272402881 
	596	 7 	  1  -12.58261858138281  46.212812274851366   13.270701272402881 
	597	 7 	  1  -12.58261858138281  46.212812274851366   14.270701272402881 
	598	 7 	  1  -12.58261858138281  46.212812274851366   15.270701272402881 
	599	 7 	  1  -12.58261858138281  46.212812274851366   16.27070127240288 
	600	 7 	  28  -12.58261858138281  46.212812274851366   17.27070127240288 
	601	 7 	  1  -12.58261858138281  46.212812274851366   18.27070127240288 
	602	 7 	  1  -12.58261858138281  46.212812274851366   19.27070127240288 
	603	 7 	  1  -12.58261858138281  46.212812274851366   20.27070127240288 
	604	 7 	  1  -12.58261858138281  46.212812274851366   21.27070127240288 
	605	 7 	  1  -12.58261858138281  46.212812274851366   22.27070127240288 
	606	 7 	  1  -12.58261858138281  46.212812274851366   23.27070127240288 
	607	 7 	  1  -12.58261858138281  46.212812274851366   24.27070127240288 
	608	 7 	  1  -12.58261858138281  46.212812274851366   25.27070127240288 
	609	 7 	  1  -12.58261858138281  46.212812274851366   26.27070127240288 
	610	 7 	  1  -12.58261858138281  46.212812274851366   27.27070127240288 
	611	 7 	  1  -12.58261858138281  46.212812274851366   28.27070127240288 
	612	 7 	  1  -12.58261858138281  46.212812274851366   29.27070127240288 
	613	 7 	  1  -12.58261858138281  46.212812274851366   30.27070127240288 
	614	 7 	  1  -12.58261858138281  46.212812274851366   31.27070127240288 
	615	 7 	  1  -12.58261858138281  46.212812274851366   32.27070127240288 
	616	 7 	  1  -12.58261858138281  46.212812274851366   33.27070127240288 
	617	 7 	  1  -12.58261858138281  46.212812274851366   34.27070127240288 
	618	 7 	  1  -12.58261858138281  46.212812274851366   35.27070127240288 
	619	 7 	  1  -12.58261858138281  46.212812274851366   36.27070127240288 
	620	 7 	  1  -12.58261858138281  46.212812274851366   37.27070127240288 
	621	 7 	  1  -12.58261858138281  46.212812274851366   38.27070127240288 
	622	 7 	  1  -12.58261858138281  46.212812274851366   39.27070127240288 
	623	 7 	  1  -12.58261858138281  46.212812274851366   40.27070127240288 
	624	 7 	  1  -12.58261858138281  46.212812274851366   41.27070127240288 
	625	 7 	  1  -12.58261858138281  46.212812274851366   42.27070127240288 
	626	 7 	  1  -12.58261858138281  46.212812274851366   43.27070127240288 
	627	 7 	  1  -12.58261858138281  46.212812274851366   44.27070127240288 
	628	 7 	  1  -12.58261858138281  46.212812274851366   45.27070127240288 
	629	 7 	  1  -12.58261858138281  46.212812274851366   46.27070127240288 
	630	 7 	  29  -12.58261858138281  46.212812274851366   47.27070127240288 
	631	 8 	  30  26.452592304650345  -46.11410297405077   -42.045693643734204 
	632	 8 	  1  26.452592304650345  -46.11410297405077   -41.045693643734204 
	633	 8 	  1  26.452592304650345  -46.11410297405077   -40.045693643734204 
	634	 8 	  1  26.452592304650345  -46.11410297405077   -39.045693643734204 
	635	 8 	  1  26.452592304650345  -46.11410297405077   -38.045693643734204 
	636	 8 	  1  26.452592304650345  -46.11410297405077   -37.045693643734204 
	637	 8 	  1  26.452592304650345  -46.11410297405077   -36.045693643734204 
	638	 8 	  1  26.452592304650345  -46.11410297405077   -35.045693643734204 
	639	 8 	  1  26.452592304650345  -46.11410297405077   -34.045693643734204 
	640	 8 	  1  26.452592304650345  -46.11410297405077   -33.045693643734204 
	641	 8 	  1  26.452592304650345  -46.11410297405077   -32.045693643734204 
	642	 8 	  1  26.452592304650345  -46.11410297405077   -31.045693643734204 
	643	 8 	  1  26.452592304650345  -46.11410297405077   -30.045693643734204 
	644	 8 	  1  26.452592304650345  -46.11410297405077   -29.045693643734204 
	645	 8 	  1  26.452592304650345  -46.11410297405077   -28.045693643734204 
	646	 8 	  1  26.452592304650345  -46.11410297405077   -27.045693643734204 
	647	 8 	  1  26.452592304650345  -46.11410297405077   -26.045693643734204 
	648	 8 	  1  26.452592304650345  -46.11410297405077   -25.045693643734204 
	649	 8 	  1  26.452592304650345  -46.11410297405077   -24.045693643734204 
	650	 8 	  1  26.452592304650345  -46.11410297405077   -23.045693643734204 
	651	 8 	  1  26.452592304650345  -46.11410297405077   -22.045693643734204 
	652	 8 	  1  26.452592304650345  -46.11410297405077   -21.045693643734204 
	653	 8 	  1  26.452592304650345  -46.11410297405077   -20.045693643734204 
	654	 8 	  1  26.452592304650345  -46.11410297405077   -19.045693643734204 
	655	 8 	  1  26.452592304650345  -46.11410297405077   -18.045693643734204 
	656	 8 	  1  26.452592304650345  -46.11410297405077   -17.045693643734204 
	657	 8 	  1  26.452592304650345  -46.11410297405077   -16.045693643734204 
	658	 8 	  1  26.452592304650345  -46.11410297405077   -15.045693643734204 
	659	 8 	  1  26.452592304650345  -46.11410297405077   -14.045693643734204 
	660	 8 	  31  26.452592304650345  -46.11410297405077   -13.045693643734204 
	661	 8 	  1  26.452592304650345  -46.11410297405077   -12.045693643734204 
	662	 8 	  1  26.452592304650345  -46.11410297405077   -11.045693643734204 
	663	 8 	  1  26.452592304650345  -46.11410297405077   -10.045693643734204 
	664	 8 	  1  26.452592304650345  -46.11410297405077   -9.045693643734204 
	665	 8 	  1  26.452592304650345  -46.11410297405077   -8.045693643734204 
	666	 8 	  1  26.452592304650345  -46.11410297405077   -7.045693643734204 
	667	 8 	  1  26.452592304650345  -46.11410297405077   -6.045693643734204 
	668	 8 	  1  26.452592304650345  -46.11410297405077   -5.045693643734204 
	669	 8 	  1  26.452592304650345  -46.11410297405077   -4.045693643734204 
	670	 8 	  1  26.452592304650345  -46.11410297405077   -3.0456936437342037 
	671	 8 	  1  26.452592304650345  -46.11410297405077   -2.0456936437342037 
	672	 8 	  1  26.452592304650345  -46.11410297405077   -1.0456936437342037 
	673	 8 	  1  26.452592304650345  -46.11410297405077   -0.045693643734203704 
	674	 8 	  1  26.452592304650345  -46.11410297405077   0.9543063562657963 
	675	 8 	  1  26.452592304650345  -46.11410297405077   1.9543063562657963 
	676	 8 	  1  26.452592304650345  -46.11410297405077   2.9543063562657963 
	677	 8 	  1  26.452592304650345  -46.11410297405077   3.9543063562657963 
	678	 8 	  1  26.452592304650345  -46.11410297405077   4.954306356265796 
	679	 8 	  1  26.452592304650345  -46.11410297405077   5.954306356265796 
	680	 8 	  1  26.452592304650345  -46.11410297405077   6.954306356265796 
	681	 8 	  1  26.452592304650345  -46.11410297405077   7.954306356265796 
	682	 8 	  1  26.452592304650345  -46.11410297405077   8.954306356265796 
	683	 8 	  1  26.452592304650345  -46.11410297405077   9.954306356265796 
	684	 8 	  1  26.452592304650345  -46.11410297405077   10.954306356265796 
	685	 8 	  1  26.452592304650345  -46.11410297405077   11.954306356265796 
	686	 8 	  1  26.452592304650345  -46.11410297405077   12.954306356265796 
	687	 8 	  1  26.452592304650345  -46.11410297405077   13.954306356265796 
	688	 8 	  1  26.452592304650345  -46.11410297405077   14.954306356265796 
	689	 8 	  1  26.452592304650345  -46.11410297405077   15.954306356265796 
	690	 8 	  32  26.452592304650345  -46.11410297405077   16.954306356265796 
	691	 8 	  1  26.452592304650345  -46.11410297405077   17.954306356265796 
	692	 8 	  1  26.452592304650345  -46.11410297405077   18.954306356265796 
	693	 8 	  1  26.452592304650345  -46.11410297405077   19.954306356265796 
	694	 8 	  1  26.452592304650345  -46.11410297405077   20.954306356265796 
	695	 8 	  1  26.452592304650345  -46.11410297405077   21.954306356265796 
	696	 8 	  1  26.452592304650345  -46.11410297405077   22.954306356265796 
	697	 8 	  1  26.452592304650345  -46.11410297405077   23.954306356265796 
	698	 8 	  1  26.452592304650345  -46.11410297405077   24.954306356265796 
	699	 8 	  1  26.452592304650345  -46.11410297405077   25.954306356265796 
	700	 8 	  1  26.452592304650345  -46.11410297405077   26.954306356265796 
	701	 8 	  1  26.452592304650345  -46.11410297405077   27.954306356265796 
	702	 8 	  1  26.452592304650345  -46.11410297405077   28.954306356265796 
	703	 8 	  1  26.452592304650345  -46.11410297405077   29.954306356265796 
	704	 8 	  1  26.452592304650345  -46.11410297405077   30.954306356265796 
	705	 8 	  1  26.452592304650345  -46.11410297405077   31.954306356265796 
	706	 8 	  1  26.452592304650345  -46.11410297405077   32.954306356265796 
	707	 8 	  1  26.452592304650345  -46.11410297405077   33.954306356265796 
	708	 8 	  1  26.452592304650345  -46.11410297405077   34.954306356265796 
	709	 8 	  1  26.452592304650345  -46.11410297405077   35.954306356265796 
	710	 8 	  1  26.452592304650345  -46.11410297405077   36.954306356265796 
	711	 8 	  1  26.452592304650345  -46.11410297405077   37.954306356265796 
	712	 8 	  1  26.452592304650345  -46.11410297405077   38.954306356265796 
	713	 8 	  1  26.452592304650345  -46.11410297405077   39.954306356265796 
	714	 8 	  1  26.452592304650345  -46.11410297405077   40.954306356265796 
	715	 8 	  1  26.452592304650345  -46.11410297405077   41.954306356265796 
	716	 8 	  1  26.452592304650345  -46.11410297405077   42.954306356265796 
	717	 8 	  1  26.452592304650345  -46.11410297405077   43.954306356265796 
	718	 8 	  1  26.452592304650345  -46.11410297405077   44.954306356265796 
	719	 8 	  1  26.452592304650345  -46.11410297405077   45.954306356265796 
	720	 8 	  33  26.452592304650345  -46.11410297405077   46.954306356265796 
	721	 9 	  34  45.6672995972747  10.203844806599937   -42.619069309724665 
	722	 9 	  1  45.6672995972747  10.203844806599937   -41.619069309724665 
	723	 9 	  1  45.6672995972747  10.203844806599937   -40.619069309724665 
	724	 9 	  1  45.6672995972747  10.203844806599937   -39.619069309724665 
	725	 9 	  1  45.6672995972747  10.203844806599937   -38.619069309724665 
	726	 9 	  1  45.6672995972747  10.203844806599937   -37.619069309724665 
	727	 9 	  1  45.6672995972747  10.203844806599937   -36.619069309724665 
	728	 9 	  1  45.6672995972747  10.203844806599937   -35.619069309724665 
	729	 9 	  1  45.6672995972747  10.203844806599937   -34.619069309724665 
	730	 9 	  1  45.6672995972747  10.203844806599937   -33.619069309724665 
	731	 9 	  1  45.6672995972747  10.203844806599937   -32.619069309724665 
	732	 9 	  1  45.6672995972747  10.203844806599937   -31.619069309724665 
	733	 9 	  1  45.6672995972747  10.203844806599937   -30.619069309724665 
	734	 9 	  1  45.6672995972747  10.203844806599937   -29.619069309724665 
	735	 9 	  1  45.6672995972747  10.203844806599937   -28.619069309724665 
	736	 9 	  1  45.6672995972747  10.203844806599937   -27.619069309724665 
	737	 9 	  1  45.6672995972747  10.203844806599937   -26.619069309724665 
	738	 9 	  1  45.6672995972747  10.203844806599937   -25.619069309724665 
	739	 9 	  1  45.6672995972747  10.203844806599937   -24.619069309724665 
	740	 9 	  1  45.6672995972747  10.203844806599937   -23.619069309724665 
	741	 9 	  1  45.6672995972747  10.203844806599937   -22.619069309724665 
	742	 9 	  1  45.6672995972747  10.203844806599937   -21.619069309724665 
	743	 9 	  1  45.6672995972747  10.203844806599937   -20.619069309724665 
	744	 9 	  1  45.6672995972747  10.203844806599937   -19.619069309724665 
	745	 9 	  1  45.6672995972747  10.203844806599937   -18.619069309724665 
	746	 9 	  1  45.6672995972747  10.203844806599937   -17.619069309724665 
	747	 9 	  1  45.6672995972747  10.203844806599937   -16.619069309724665 
	748	 9 	  1  45.6672995972747  10.203844806599937   -15.619069309724665 
	749	 9 	  1  45.6672995972747  10.203844806599937   -14.619069309724665 
	750	 9 	  35  45.6672995972747  10.203844806599937   -13.619069309724665 
	751	 9 	  1  45.6672995972747  10.203844806599937   -12.619069309724665 
	752	 9 	  1  45.6672995972747  10.203844806599937   -11.619069309724665 
	753	 9 	  1  45.6672995972747  10.203844806599937   -10.619069309724665 
	754	 9 	  1  45.6672995972747  10.203844806599937   -9.619069309724665 
	755	 9 	  1  45.6672995972747  10.203844806599937   -8.619069309724665 
	756	 9 	  1  45.6672995972747  10.203844806599937   -7.619069309724665 
	757	 9 	  1  45.6672995972747  10.203844806599937   -6.619069309724665 
	758	 9 	  1  45.6672995972747  10.203844806599937   -5.619069309724665 
	759	 9 	  1  45.6672995972747  10.203844806599937   -4.619069309724665 
	760	 9 	  1  45.6672995972747  10.203844806599937   -3.619069309724665 
	761	 9 	  1  45.6672995972747  10.203844806599937   -2.619069309724665 
	762	 9 	  1  45.6672995972747  10.203844806599937   -1.6190693097246651 
	763	 9 	  1  45.6672995972747  10.203844806599937   -0.6190693097246651 
	764	 9 	  1  45.6672995972747  10.203844806599937   0.3809306902753349 
	765	 9 	  1  45.6672995972747  10.203844806599937   1.3809306902753349 
	766	 9 	  1  45.6672995972747  10.203844806599937   2.380930690275335 
	767	 9 	  1  45.6672995972747  10.203844806599937   3.380930690275335 
	768	 9 	  1  45.6672995972747  10.203844806599937   4.380930690275335 
	769	 9 	  1  45.6672995972747  10.203844806599937   5.380930690275335 
	770	 9 	  1  45.6672995972747  10.203844806599937   6.380930690275335 
	771	 9 	  1  45.6672995972747  10.203844806599937   7.380930690275335 
	772	 9 	  1  45.6672995972747  10.203844806599937   8.380930690275335 
	773	 9 	  1  45.6672995972747  10.203844806599937   9.380930690275335 
	774	 9 	  1  45.6672995972747  10.203844806599937   10.380930690275335 
	775	 9 	  1  45.6672995972747  10.203844806599937   11.380930690275335 
	776	 9 	  1  45.6672995972747  10.203844806599937   12.380930690275335 
	777	 9 	  1  45.6672995972747  10.203844806599937   13.380930690275335 
	778	 9 	  1  45.6672995972747  10.203844806599937   14.380930690275335 
	779	 9 	  1  45.6672995972747  10.203844806599937   15.380930690275335 
	780	 9 	  36  45.6672995972747  10.203844806599937   16.380930690275335 
	781	 9 	  1  45.6672995972747  10.203844806599937   17.380930690275335 
	782	 9 	  1  45.6672995972747  10.203844806599937   18.380930690275335 
	783	 9 	  1  45.6672995972747  10.203844806599937   19.380930690275335 
	784	 9 	  1  45.6672995972747  10.203844806599937   20.380930690275335 
	785	 9 	  1  45.6672995972747  10.203844806599937   21.380930690275335 
	786	 9 	  1  45.6672995972747  10.203844806599937   22.380930690275335 
	787	 9 	  1  45.6672995972747  10.203844806599937   23.380930690275335 
	788	 9 	  1  45.6672995972747  10.203844806599937   24.380930690275335 
	789	 9 	  1  45.6672995972747  10.203844806599937   25.380930690275335 
	790	 9 	  1  45.6672995972747  10.203844806599937   26.380930690275335 
	791	 9 	  1  45.6672995972747  10.203844806599937   27.380930690275335 
	792	 9 	  1  45.6672995972747  10.203844806599937   28.380930690275335 
	793	 9 	  1  45.6672995972747  10.203844806599937   29.380930690275335 
	794	 9 	  1  45.6672995972747  10.203844806599937   30.380930690275335 
	795	 9 	  1  45.6672995972747  10.203844806599937   31.380930690275335 
	796	 9 	  1  45.6672995972747  10.203844806599937   32.380930690275335 
	797	 9 	  1  45.6672995972747  10.203844806599937   33.380930690275335 
	798	 9 	  1  45.6672995972747  10.203844806599937   34.380930690275335 
	799	 9 	  1  45.6672995972747  10.203844806599937   35.380930690275335 
	800	 9 	  1  45.6672995972747  10.203844806599937   36.380930690275335 
	801	 9 	  1  45.6672995972747  10.203844806599937   37.380930690275335 
	802	 9 	  1  45.6672995972747  10.203844806599937   38.380930690275335 
	803	 9 	  1  45.6672995972747  10.203844806599937   39.380930690275335 
	804	 9 	  1  45.6672995972747  10.203844806599937   40.380930690275335 
	805	 9 	  1  45.6672995972747  10.203844806599937   41.380930690275335 
	806	 9 	  1  45.6672995972747  10.203844806599937   42.380930690275335 
	807	 9 	  1  45.6672995972747  10.203844806599937   43.380930690275335 
	808	 9 	  1  45.6672995972747  10.203844806599937   44.380930690275335 
	809	 9 	  1  45.6672995972747  10.203844806599937   45.380930690275335 
	810	 9 	  37  45.6672995972747  10.203844806599937   46.380930690275335 
	811	 10 	  38  45.787966183687786  9.944940659003066   -43.7059361028299 
	812	 10 	  1  45.787966183687786  9.944940659003066   -42.7059361028299 
	813	 10 	  1  45.787966183687786  9.944940659003066   -41.7059361028299 
	814	 10 	  1  45.787966183687786  9.944940659003066   -40.7059361028299 
	815	 10 	  1  45.787966183687786  9.944940659003066   -39.7059361028299 
	816	 10 	  1  45.787966183687786  9.944940659003066   -38.7059361028299 
	817	 10 	  1  45.787966183687786  9.944940659003066   -37.7059361028299 
	818	 10 	  1  45.787966183687786  9.944940659003066   -36.7059361028299 
	819	 10 	  1  45.787966183687786  9.944940659003066   -35.7059361028299 
	820	 10 	  1  45.787966183687786  9.944940659003066   -34.7059361028299 
	821	 10 	  1  45.787966183687786  9.944940659003066   -33.7059361028299 
	822	 10 	  1  45.787966183687786  9.944940659003066   -32.7059361028299 
	823	 10 	  1  45.787966183687786  9.944940659003066   -31.705936102829902 
	824	 10 	  1  45.787966183687786  9.944940659003066   -30.705936102829902 
	825	 10 	  1  45.787966183687786  9.944940659003066   -29.705936102829902 
	826	 10 	  1  45.787966183687786  9.944940659003066   -28.705936102829902 
	827	 10 	  1  45.787966183687786  9.944940659003066   -27.705936102829902 
	828	 10 	  1  45.787966183687786  9.944940659003066   -26.705936102829902 
	829	 10 	  1  45.787966183687786  9.944940659003066   -25.705936102829902 
	830	 10 	  1  45.787966183687786  9.944940659003066   -24.705936102829902 
	831	 10 	  1  45.787966183687786  9.944940659003066   -23.705936102829902 
	832	 10 	  1  45.787966183687786  9.944940659003066   -22.705936102829902 
	833	 10 	  1  45.787966183687786  9.944940659003066   -21.705936102829902 
	834	 10 	  1  45.787966183687786  9.944940659003066   -20.705936102829902 
	835	 10 	  1  45.787966183687786  9.944940659003066   -19.705936102829902 
	836	 10 	  1  45.787966183687786  9.944940659003066   -18.705936102829902 
	837	 10 	  1  45.787966183687786  9.944940659003066   -17.705936102829902 
	838	 10 	  1  45.787966183687786  9.944940659003066   -16.705936102829902 
	839	 10 	  1  45.787966183687786  9.944940659003066   -15.705936102829902 
	840	 10 	  39  45.787966183687786  9.944940659003066   -14.705936102829902 
	841	 10 	  1  45.787966183687786  9.944940659003066   -13.705936102829902 
	842	 10 	  1  45.787966183687786  9.944940659003066   -12.705936102829902 
	843	 10 	  1  45.787966183687786  9.944940659003066   -11.705936102829902 
	844	 10 	  1  45.787966183687786  9.944940659003066   -10.705936102829902 
	845	 10 	  1  45.787966183687786  9.944940659003066   -9.705936102829902 
	846	 10 	  1  45.787966183687786  9.944940659003066   -8.705936102829902 
	847	 10 	  1  45.787966183687786  9.944940659003066   -7.705936102829902 
	848	 10 	  1  45.787966183687786  9.944940659003066   -6.705936102829902 
	849	 10 	  1  45.787966183687786  9.944940659003066   -5.705936102829902 
	850	 10 	  1  45.787966183687786  9.944940659003066   -4.705936102829902 
	851	 10 	  1  45.787966183687786  9.944940659003066   -3.7059361028299023 
	852	 10 	  1  45.787966183687786  9.944940659003066   -2.7059361028299023 
	853	 10 	  1  45.787966183687786  9.944940659003066   -1.7059361028299023 
	854	 10 	  1  45.787966183687786  9.944940659003066   -0.7059361028299023 
	855	 10 	  1  45.787966183687786  9.944940659003066   0.29406389717009773 
	856	 10 	  1  45.787966183687786  9.944940659003066   1.2940638971700977 
	857	 10 	  1  45.787966183687786  9.944940659003066   2.2940638971700977 
	858	 10 	  1  45.787966183687786  9.944940659003066   3.2940638971700977 
	859	 10 	  1  45.787966183687786  9.944940659003066   4.294063897170098 
	860	 10 	  1  45.787966183687786  9.944940659003066   5.294063897170098 
	861	 10 	  1  45.787966183687786  9.944940659003066   6.294063897170098 
	862	 10 	  1  45.787966183687786  9.944940659003066   7.294063897170098 
	863	 10 	  1  45.787966183687786  9.944940659003066   8.294063897170098 
	864	 10 	  1  45.787966183687786  9.944940659003066   9.294063897170098 
	865	 10 	  1  45.787966183687786  9.944940659003066   10.294063897170098 
	866	 10 	  1  45.787966183687786  9.944940659003066   11.294063897170098 
	867	 10 	  1  45.787966183687786  9.944940659003066   12.294063897170098 
	868	 10 	  1  45.787966183687786  9.944940659003066   13.294063897170098 
	869	 10 	  1  45.787966183687786  9.944940659003066   14.294063897170098 
	870	 10 	  40  45.787966183687786  9.944940659003066   15.294063897170098 
	871	 10 	  1  45.787966183687786  9.944940659003066   16.294063897170098 
	872	 10 	  1  45.787966183687786  9.944940659003066   17.294063897170098 
	873	 10 	  1  45.787966183687786  9.944940659003066   18.294063897170098 
	874	 10 	  1  45.787966183687786  9.944940659003066   19.294063897170098 
	875	 10 	  1  45.787966183687786  9.944940659003066   20.294063897170098 
	876	 10 	  1  45.787966183687786  9.944940659003066   21.294063897170098 
	877	 10 	  1  45.787966183687786  9.944940659003066   22.294063897170098 
	878	 10 	  1  45.787966183687786  9.944940659003066   23.294063897170098 
	879	 10 	  1  45.787966183687786  9.944940659003066   24.294063897170098 
	880	 10 	  1  45.787966183687786  9.944940659003066   25.294063897170098 
	881	 10 	  1  45.787966183687786  9.944940659003066   26.294063897170098 
	882	 10 	  1  45.787966183687786  9.944940659003066   27.294063897170098 
	883	 10 	  1  45.787966183687786  9.944940659003066   28.294063897170098 
	884	 10 	  1  45.787966183687786  9.944940659003066   29.294063897170098 
	885	 10 	  1  45.787966183687786  9.944940659003066   30.294063897170098 
	886	 10 	  1  45.787966183687786  9.944940659003066   31.294063897170098 
	887	 10 	  1  45.787966183687786  9.944940659003066   32.2940638971701 
	888	 10 	  1  45.787966183687786  9.944940659003066   33.2940638971701 
	889	 10 	  1  45.787966183687786  9.944940659003066   34.2940638971701 
	890	 10 	  1  45.787966183687786  9.944940659003066   35.2940638971701 
	891	 10 	  1  45.787966183687786  9.944940659003066   36.2940638971701 
	892	 10 	  1  45.787966183687786  9.944940659003066   37.2940638971701 
	893	 10 	  1  45.787966183687786  9.944940659003066   38.2940638971701 
	894	 10 	  1  45.787966183687786  9.944940659003066   39.2940638971701 
	895	 10 	  1  45.787966183687786  9.944940659003066   40.2940638971701 
	896	 10 	  1  45.787966183687786  9.944940659003066   41.2940638971701 
	897	 10 	  1  45.787966183687786  9.944940659003066   42.2940638971701 
	898	 10 	  1  45.787966183687786  9.944940659003066   43.2940638971701 
	899	 10 	  1  45.787966183687786  9.944940659003066   44.2940638971701 
	900	 10 	  41  45.787966183687786  9.944940659003066   45.2940638971701 

Bonds

       1    1   1      2 
       2    1   2      3 
       3    1   3      4 
       4    1   4      5 
       5    1   5      6 
       6    1   6      7 
       7    1   7      8 
       8    1   8      9 
       9    1   9      10 
       10    1   10      11 
       11    1   11      12 
       12    1   12      13 
       13    1   13      14 
       14    1   14      15 
       15    1   15      16 
       16    1   16      17 
       17    1   17      18 
       18    1   18      19 
       19    1   19      20 
       20    1   20      21 
       21    1   21      22 
       22    1   22      23 
       23    1   23      24 
       24    1   24      25 
       25    1   25      26 
       26    1   26      27 
       27    1   27      28 
       28    1   28      29 
       29    1   29      30 
       30    1   30      31 
       31    1   31      32 
       32    1   32      33 
       33    1   33      34 
       34    1   34      35 
       35    1   35      36 
       36    1   36      37 
       37    1   37      38 
       38    1   38      39 
       39    1   39      40 
       40    1   40      41 
       41    1   41      42 
       42    1   42      43 
       43    1   43      44 
       44    1   44      45 
       45    1   45      46 
       46    1   46      47 
       47    1   47      48 
       48    1   48      49 
       49    1   49      50 
       50    1   50      51 
       51    1   51      52 
       52    1   52      53 
       53    1   53      54 
       54    1   54      55 
       55    1   55      56 
       56    1   56      57 
       57    1   57      58 
       58    1   58      59 
       59    1   59      60 
       60    1   60      61 
       61    1   61      62 
       62    1   62      63 
       63    1   63      64 
       64    1   64      65 
       65    1   65      66 
       66    1   66      67 
       67    1   67      68 
       68    1   68      69 
       69    1   69      70 
       70    1   70      71 
       71    1   71      72 
       72    1   72      73 
       73    1   73      74 
       74    1   74      75 
       75    1   75      76 
       76    1   76      77 
       77    1   77      78 
       78    1   78      79 
       79    1   79      80 
       80    1   80      81 
       81    1   81      82 
       82    1   82      83 
       83    1   83      84 
       84    1   84      85 
       85    1   85      86 
       86    1   86      87 
       87    1   87      88 
       88    1   88      89 
       89    1   89      90 
       90    1   91      92 
       91    1   92      93 
       92    1   93      94 
       93    1   94      95 
       94    1   95      96 
       95    1   96      97 
       96    1   97      98 
       97    1   98      99 
       98    1   99      100 
       99    1   100      101 
       100    1   101      102 
       101    1   102      103 
       102    1   103      104 
       103    1   104      105 
       104    1   105      106 
       105    1   106      107 
       106    1   107      108 
       107    1   108      109 
       108    1   109      110 
       109    1   110      111 
       110    1   111      112 
       111    1   112      113 
       112    1   113      114 
       113    1   114      115 
       114    1   115      116 
       115    1   116      117 
       116    1   117      118 
       117    1   118      119 
       118    1   119      120 
       119    1   120      121 
       120    1   121      122 
       121    1   122      123 
       122    1   123      124 
       123    1   124      125 
       124    1   125      126 
       125    1   126      127 
       126    1   127      128 
       127    1   128      129 
       128    1   129      130 
       129    1   130      131 
       130    1   131      132 
       131    1   132      133 
       132    1   133      134 
       133    1   134      135 
       134    1   135      136 
       135    1   136      137 
       136    1   137      138 
       137    1   138      139 
       138    1   139      140 
       139    1   140      141 
       140    1   141      142 
       141    1   142      143 
       142    1   143      144 
       143    1   144      145 
       144    1   145      146 
       145    1   146      147 
       146    1   147      148 
       147    1   148      149 
       148    1   149      150 
       149    1   150      151 
       150    1   151      152 
       151    1   152      153 
       152    1   153      154 
       153    1   154      155 
       154    1   155      156 
       155    1   156      157 
       156    1   157      158 
       157    1   158      159 
       158    1   159      160 
       159    1   160      161 
       160    1   161      162 
       161    1   162      163 
       162    1   163      164 
       163    1   164      165 
       164    1   165      166 
       165    1   166      167 
       166    1   167      168 
       167    1   168      169 
       168    1   169      170 
       169    1   170      171 
       170    1   171      172 
       171    1   172      173 
       172    1   173      174 
       173    1   174      175 
       174    1   175      176 
       175    1   176      177 
       176    1   177      178 
       177    1   178      179 
       178    1   179      180 
       179    1   181      182 
       180    1   182      183 
       181    1   183      184 
       182    1   184      185 
       183    1   185      186 
       184    1   186      187 
       185    1   187      188 
       186    1   188      189 
       187    1   189      190 
       188    1   190      191 
       189    1   191      192 
       190    1   192      193 
       191    1   193      194 
       192    1   194      195 
       193    1   195      196 
       194    1   196      197 
       195    1   197      198 
       196    1   198      199 
       197    1   199      200 
       198    1   200      201 
       199    1   201      202 
       200    1   202      203 
       201    1   203      204 
       202    1   204      205 
       203    1   205      206 
       204    1   206      207 
       205    1   207      208 
       206    1   208      209 
       207    1   209      210 
       208    1   210      211 
       209    1   211      212 
       210    1   212      213 
       211    1   213      214 
       212    1   214      215 
       213    1   215      216 
       214    1   216      217 
       215    1   217      218 
       216    1   218      219 
       217    1   219      220 
       218    1   220      221 
       219    1   221      222 
       220    1   222      223 
       221    1   223      224 
       222    1   224      225 
       223    1   225      226 
       224    1   226      227 
       225    1   227      228 
       226    1   228      229 
       227    1   229      230 
       228    1   230      231 
       229    1   231      232 
       230    1   232      233 
       231    1   233      234 
       232    1   234      235 
       233    1   235      236 
       234    1   236      237 
       235    1   237      238 
       236    1   238      239 
       237    1   239      240 
       238    1   240      241 
       239    1   241      242 
       240    1   242      243 
       241    1   243      244 
       242    1   244      245 
       243    1   245      246 
       244    1   246      247 
       245    1   247      248 
       246    1   248      249 
       247    1   249      250 
       248    1   250      251 
       249    1   251      252 
       250    1   252      253 
       251    1   253      254 
       252    1   254      255 
       253    1   255      256 
       254    1   256      257 
       255    1   257      258 
       256    1   258      259 
       257    1   259      260 
       258    1   260      261 
       259    1   261      262 
       260    1   262      263 
       261    1   263      264 
       262    1   264      265 
       263    1   265      266 
       264    1   266      267 
       265    1   267      268 
       266    1   268      269 
       267    1   269      270 
       268    1   271      272 
       269    1   272      273 
       270    1   273      274 
       271    1   274      275 
       272    1   275      276 
       273    1   276      277 
       274    1   277      278 
       275    1   278      279 
       276    1   279      280 
       277    1   280      281 
       278    1   281      282 
       279    1   282      283 
       280    1   283      284 
       281    1   284      285 
       282    1   285      286 
       283    1   286      287 
       284    1   287      288 
       285    1   288      289 
       286    1   289      290 
       287    1   290      291 
       288    1   291      292 
       289    1   292      293 
       290    1   293      294 
       291    1   294      295 
       292    1   295      296 
       293    1   296      297 
       294    1   297      298 
       295    1   298      299 
       296    1   299      300 
       297    1   300      301 
       298    1   301      302 
       299    1   302      303 
       300    1   303      304 
       301    1   304      305 
       302    1   305      306 
       303    1   306      307 
       304    1   307      308 
       305    1   308      309 
       306    1   309      310 
       307    1   310      311 
       308    1   311      312 
       309    1   312      313 
       310    1   313      314 
       311    1   314      315 
       312    1   315      316 
       313    1   316      317 
       314    1   317      318 
       315    1   318      319 
       316    1   319      320 
       317    1   320      321 
       318    1   321      322 
       319    1   322      323 
       320    1   323      324 
       321    1   324      325 
       322    1   325      326 
       323    1   326      327 
       324    1   327      328 
       325    1   328      329 
       326    1   329      330 
       327    1   330      331 
       328    1   331      332 
       329    1   332      333 
       330    1   333      334 
       331    1   334      335 
       332    1   335      336 
       333    1   336      337 
       334    1   337      338 
       335    1   338      339 
       336    1   339      340 
       337    1   340      341 
       338    1   341      342 
       339    1   342      343 
       340    1   343      344 
       341    1   344      345 
       342    1   345      346 
       343    1   346      347 
       344    1   347      348 
       345    1   348      349 
       346    1   349      350 
       347    1   350      351 
       348    1   351      352 
       349    1   352      353 
       350    1   353      354 
       351    1   354      355 
       352    1   355      356 
       353    1   356      357 
       354    1   357      358 
       355    1   358      359 
       356    1   359      360 
       357    1   361      362 
       358    1   362      363 
       359    1   363      364 
       360    1   364      365 
       361    1   365      366 
       362    1   366      367 
       363    1   367      368 
       364    1   368      369 
       365    1   369      370 
       366    1   370      371 
       367    1   371      372 
       368    1   372      373 
       369    1   373      374 
       370    1   374      375 
       371    1   375      376 
       372    1   376      377 
       373    1   377      378 
       374    1   378      379 
       375    1   379      380 
       376    1   380      381 
       377    1   381      382 
       378    1   382      383 
       379    1   383      384 
       380    1   384      385 
       381    1   385      386 
       382    1   386      387 
       383    1   387      388 
       384    1   388      389 
       385    1   389      390 
       386    1   390      391 
       387    1   391      392 
       388    1   392      393 
       389    1   393      394 
       390    1   394      395 
       391    1   395      396 
       392    1   396      397 
       393    1   397      398 
       394    1   398      399 
       395    1   399      400 
       396    1   400      401 
       397    1   401      402 
       398    1   402      403 
       399    1   403      404 
       400    1   404      405 
       401    1   405      406 
       402    1   406      407 
       403    1   407      408 
       404    1   408      409 
       405    1   409      410 
       406    1   410      411 
       407    1   411      412 
       408    1   412      413 
       409    1   413      414 
       410    1   414      415 
       411    1   415      416 
       412    1   416      417 
       413    1   417      418 
       414    1   418      419 
       415    1   419      420 
       416    1   420      421 
       417    1   421      422 
       418    1   422      423 
       419    1   423      424 
       420    1   424      425 
       421    1   425      426 
       422    1   426      427 
       423    1   427      428 
       424    1   428      429 
       425    1   429      430 
       426    1   430      431 
       427    1   431      432 
       428    1   432      433 
       429    1   433      434 
       430    1   434      435 
       431    1   435      436 
       432    1   436      437 
       433    1   437      438 
       434    1   438      439 
       435    1   439      440 
       436    1   440      441 
       437    1   441      442 
       438    1   442      443 
       439    1   443      444 
       440    1   444      445 
       441    1   445      446 
       442    1   446      447 
       443    1   447      448 
       444    1   448      449 
       445    1   449      450 
       446    1   451      452 
       447    1   452      453 
       448    1   453      454 
       449    1   454      455 
       450    1   455      456 
       451    1   456      457 
       452    1   457      458 
       453    1   458      459 
       454    1   459      460 
       455    1   460      461 
       456    1   461      462 
       457    1   462      463 
       458    1   463      464 
       459    1   464      465 
       460    1   465      466 
       461    1   466      467 
       462    1   467      468 
       463    1   468      469 
       464    1   469      470 
       465    1   470      471 
       466    1   471      472 
       467    1   472      473 
       468    1   473      474 
       469    1   474      475 
       470    1   475      476 
       471    1   476      477 
       472    1   477      478 
       473    1   478      479 
       474    1   479      480 
       475    1   480      481 
       476    1   481      482 
       477    1   482      483 
       478    1   483      484 
       479    1   484      485 
       480    1   485      486 
       481    1   486      487 
       482    1   487      488 
       483    1   488      489 
       484    1   489      490 
       485    1   490      491 
       486    1   491      492 
       487    1   492      493 
       488    1   493      494 
       489    1   494      495 
       490    1   495      496 
       491    1   496      497 
       492    1   497      498 
       493    1   498      499 
       494    1   499      500 
       495    1   500      501 
       496    1   501      502 
       497    1   502      503 
       498    1   503      504 
       499    1   504      505 
       500    1   505      506 
       501    1   506      507 
       502    1   507      508 
       503    1   508      509 
       504    1   509      510 
       505    1   510      511 
       506    1   511      512 
       507    1   512      513 
       508    1   513      514 
       509    1   514      515 
       510    1   515      516 
       511    1   516      517 
       512    1   517      518 
       513    1   518      519 
       514    1   519      520 
       515    1   520      521 
       516    1   521      522 
       517    1   522      523 
       518    1   523      524 
       519    1   524      525 
       520    1   525      526 
       521    1   526      527 
       522    1   527      528 
       523    1   528      529 
       524    1   529      530 
       525    1   530      531 
       526    1   531      532 
       527    1   532      533 
       528    1   533      534 
       529    1   534      535 
       530    1   535      536 
       531    1   536      537 
       532    1   537      538 
       533    1   538      539 
       534    1   539      540 
       535    1   541      542 
       536    1   542      543 
       537    1   543      544 
       538    1   544      545 
       539    1   545      546 
       540    1   546      547 
       541    1   547      548 
       542    1   548      549 
       543    1   549      550 
       544    1   550      551 
       545    1   551      552 
       546    1   552      553 
       547    1   553      554 
       548    1   554      555 
       549    1   555      556 
       550    1   556      557 
       551    1   557      558 
       552    1   558      559 
       553    1   559      560 
       554    1   560      561 
       555    1   561      562 
       556    1   562      563 
       557    1   563      564 
       558    1   564      565 
       559    1   565      566 
       560    1   566      567 
       561    1   567      568 
       562    1   568      569 
       563    1   569      570 
       564    1   570      571 
       565    1   571      572 
       566    1   572      573 
       567    1   573      574 
       568    1   574      575 
       569    1   575      576 
       570    1   576      577 
       571    1   577      578 
       572    1   578      579 
       573    1   579      580 
       574    1   580      581 
       575    1   581      582 
       576    1   582      583 
       577    1   583      584 
       578    1   584      585 
       579    1   585      586 
       580    1   586      587 
       581    1   587      588 
       582    1   588      589 
       583    1   589      590 
       584    1   590      591 
       585    1   591      592 
       586    1   592      593 
       587    1   593      594 
       588    1   594      595 
       589    1   595      596 
       590    1   596      597 
       591    1   597      598 
       592    1   598      599 
       593    1   599      600 
       594    1   600      601 
       595    1   601      602 
       596    1   602      603 
       597    1   603      604 
       598    1   604      605 
       599    1   605      606 
       600    1   606      607 
       601    1   607      608 
       602    1   608      609 
       603    1   609      610 
       604    1   610      611 
       605    1   611      612 
       606    1   612      613 
       607    1   613      614 
       608    1   614      615 
       609    1   615      616 
       610    1   616      617 
       611    1   617      618 
       612    1   618      619 
       613    1   619      620 
       614    1   620      621 
       615    1   621      622 
       616    1   622      623 
       617    1   623      624 
       618    1   624      625 
       619    1   625      626 
       620    1   626      627 
       621    1   627      628 
       622    1   628      629 
       623    1   629      630 
       624    1   631      632 
       625    1   632      633 
       626    1   633      634 
       627    1   634      635 
       628    1   635      636 
       629    1   636      637 
       630    1   637      638 
       631    1   638      639 
       632    1   639      640 
       633    1   640      641 
       634    1   641      642 
       635    1   642      643 
       636    1   643      644 
       637    1   644      645 
       638    1   645      646 
       639    1   646      647 
       640    1   647      648 
       641    1   648      649 
       642    1   649      650 
       643    1   650      651 
       644    1   651      652 
       645    1   652      653 
       646    1   653      654 
       647    1   654      655 
       648    1   655      656 
       649    1   656      657 
       650    1   657      658 
       651    1   658      659 
       652    1   659      660 
       653    1   660      661 
       654    1   661      662 
       655    1   662      663 
       656    1   663      664 
       657    1   664      665 
       658    1   665      666 
       659    1   666      667 
       660    1   667      668 
       661    1   668      669 
       662    1   669      670 
       663    1   670      671 
       664    1   671      672 
       665    1   672      673 
       666    1   673      674 
       667    1   674      675 
       668    1   675      676 
       669    1   676      677 
       670    1   677      678 
       671    1   678      679 
       672    1   679      680 
       673    1   680      681 
       674    1   681      682 
       675    1   682      683 
       676    1   683      684 
       677    1   684      685 
       678    1   685      686 
       679    1   686      687 
       680    1   687      688 
       681    1   688      689 
       682    1   689      690 
       683    1   690      691 
       684    1   691      692 
       685    1   692      693 
       686    1   693      694 
       687    1   694      695 
       688    1   695      696 
       689    1   696      697 
       690    1   697      698 
       691    1   698      699 
       692    1   699      700 
       693    1   700      701 
       694    1   701      702 
       695    1   702      703 
       696    1   703      704 
       697    1   704      705 
       698    1   705      706 
       699    1   706      707 
       700    1   707      708 
       701    1   708      709 
       702    1   709      710 
       703    1   710      711 
       704    1   711      712 
       705    1   712      713 
       706    1   713      714 
       707    1   714      715 
       708    1   715      716 
       709    1   716      717 
       710    1   717      718 
       711    1   718      719 
       712    1   719      720 
       713    1   721      722 
       714    1   722      723 
       715    1   723      724 
       716    1   724      725 
       717    1   725      726 
       718    1   726      727 
       719    1   727      728 
       720    1   728      729 
       721    1   729      730 
       722    1   730      731 
       723    1   731      732 
       724    1   732      733 
       725    1   733      734 
       726    1   734      735 
       727    1   735      736 
       728    1   736      737 
       729    1   737      738 
       730    1   738      739 
       731    1   739      740 
       732    1   740      741 
       733    1   741      742 
       734    1   742      743 
       735    1   743      744 
       736    1   744      745 
       737    1   745      746 
       738    1   746      747 
       739    1   747      748 
       740    1   748      749 
       741    1   749      750 
       742    1   750      751 
       743    1   751      752 
       744    1   752      753 
       745    1   753      754 
       746    1   754      755 
       747    1   755      756 
       748    1   756      757 
       749    1   757      758 
       750    1   758      759 
       751    1   759      760 
       752    1   760      761 
       753    1   761      762 
       754    1   762      763 
       755    1   763      764 
       756    1   764      765 
       757    1   765      766 
       758    1   766      767 
       759    1   767      768 
       760    1   768      769 
       761    1   769      770 
       762    1   770      771 
       763    1   771      772 
       764    1   772      773 
       765    1   773      774 
       766    1   774      775 
       767    1   775      776 
       768    1   776      777 
       769    1   777      778 
       770    1   778      779 
       771    1   779      780 
       772    1   780      781 
       773    1   781      782 
       774    1   782      783 
       775    1   783      784 
       776    1   784      785 
       777    1   785      786 
       778    1   786      787 
       779    1   787      788 
       780    1   788      789 
       781    1   789      790 
       782    1   790      791 
       783    1   791      792 
       784    1   792      793 
       785    1   793      794 
       786    1   794      795 
       787    1   795      796 
       788    1   796      797 
       789    1   797      798 
       790    1   798      799 
       791    1   799      800 
       792    1   800      801 
       793    1   801      802 
       794    1   802      803 
       795    1   803      804 
       796    1   804      805 
       797    1   805      806 
       798    1   806      807 
       799    1   807      808 
       800    1   808      809 
       801    1   809      810 
       802    1   811      812 
       803    1   812      813 
       804    1   813      814 
       805    1   814      815 
       806    1   815      816 
       807    1   816      817 
       808    1   817      818 
       809    1   818      819 
       810    1   819      820 
       811    1   820      821 
       812    1   821      822 
       813    1   822      823 
       814    1   823      824 
       815    1   824      825 
       816    1   825      826 
       817    1   826      827 
       818    1   827      828 
       819    1   828      829 
       820    1   829      830 
       821    1   830      831 
       822    1   831      832 
       823    1   832      833 
       824    1   833      834 
       825    1   834      835 
       826    1   835      836 
       827    1   836      837 
       828    1   837      838 
       829    1   838      839 
       830    1   839      840 
       831    1   840      841 
       832    1   841      842 
       833    1   842      843 
       834    1   843      844 
       835    1   844      845 
       836    1   845      846 
       837    1   846      847 
       838    1   847      848 
       839    1   848      849 
       840    1   849      850 
       841    1   850      851 
       842    1   851      852 
       843    1   852      853 
       844    1   853      854 
       845    1   854      855 
       846    1   855      856 
       847    1   856      857 
       848    1   857      858 
       849    1   858      859 
       850    1   859      860 
       851    1   860      861 
       852    1   861      862 
       853    1   862      863 
       854    1   863      864 
       855    1   864      865 
       856    1   865      866 
       857    1   866      867 
       858    1   867      868 
       859    1   868      869 
       860    1   869      870 
       861    1   870      871 
       862    1   871      872 
       863    1   872      873 
       864    1   873      874 
       865    1   874      875 
       866    1   875      876 
       867    1   876      877 
       868    1   877      878 
       869    1   878      879 
       870    1   879      880 
       871    1   880      881 
       872    1   881      882 
       873    1   882      883 
       874    1   883      884 
       875    1   884      885 
       876    1   885      886 
       877    1   886      887 
       878    1   887      888 
       879    1   888      889 
       880    1   889      890 
       881    1   890      891 
       882    1   891      892 
       883    1   892      893 
       884    1   893      894 
       885    1   894      895 
       886    1   895      896 
       887    1   896      897 
       888    1   897      898 
       889    1   898      899 
       890    1   899      900 
