
900    atoms 
890    bonds 
0    angles 

41   atom    types 
1   bond    types 
0   angle    types 

-50.0 50.0  xlo  xhi 
-50.0 50.0  ylo  yhi 
-50.0 50.0  zlo  zhi 

Masses

1 1.0  
2 1.0  
3 1.0  
4 1.0  
5 1.0  
6 1.0  
7 1.0  
8 1.0  
9 1.0  
10 1.0  
11 1.0  
12 1.0  
13 1.0  
14 1.0  
15 1.0  
16 1.0  
17 1.0  
18 1.0  
19 1.0  
20 1.0  
21 1.0  
22 1.0  
23 1.0  
24 1.0  
25 1.0  
26 1.0  
27 1.0  
28 1.0  
29 1.0  
30 1.0  
31 1.0  
32 1.0  
33 1.0  
34 1.0  
35 1.0  
36 1.0  
37 1.0  
38 1.0  
39 1.0  
40 1.0  
41 1.0  

Atoms

	1	 1 	  2  -34.643710341149195  31.52320749349593   -44.44486740160368 
	2	 1 	  1  -34.643710341149195  31.52320749349593   -43.44486740160368 
	3	 1 	  1  -34.643710341149195  31.52320749349593   -42.44486740160368 
	4	 1 	  1  -34.643710341149195  31.52320749349593   -41.44486740160368 
	5	 1 	  1  -34.643710341149195  31.52320749349593   -40.44486740160368 
	6	 1 	  1  -34.643710341149195  31.52320749349593   -39.44486740160368 
	7	 1 	  1  -34.643710341149195  31.52320749349593   -38.44486740160368 
	8	 1 	  1  -34.643710341149195  31.52320749349593   -37.44486740160368 
	9	 1 	  1  -34.643710341149195  31.52320749349593   -36.44486740160368 
	10	 1 	  1  -34.643710341149195  31.52320749349593   -35.44486740160368 
	11	 1 	  1  -34.643710341149195  31.52320749349593   -34.44486740160368 
	12	 1 	  1  -34.643710341149195  31.52320749349593   -33.44486740160368 
	13	 1 	  1  -34.643710341149195  31.52320749349593   -32.44486740160368 
	14	 1 	  1  -34.643710341149195  31.52320749349593   -31.44486740160368 
	15	 1 	  1  -34.643710341149195  31.52320749349593   -30.44486740160368 
	16	 1 	  1  -34.643710341149195  31.52320749349593   -29.44486740160368 
	17	 1 	  1  -34.643710341149195  31.52320749349593   -28.44486740160368 
	18	 1 	  1  -34.643710341149195  31.52320749349593   -27.44486740160368 
	19	 1 	  1  -34.643710341149195  31.52320749349593   -26.44486740160368 
	20	 1 	  1  -34.643710341149195  31.52320749349593   -25.44486740160368 
	21	 1 	  1  -34.643710341149195  31.52320749349593   -24.44486740160368 
	22	 1 	  1  -34.643710341149195  31.52320749349593   -23.44486740160368 
	23	 1 	  1  -34.643710341149195  31.52320749349593   -22.44486740160368 
	24	 1 	  1  -34.643710341149195  31.52320749349593   -21.44486740160368 
	25	 1 	  1  -34.643710341149195  31.52320749349593   -20.44486740160368 
	26	 1 	  1  -34.643710341149195  31.52320749349593   -19.44486740160368 
	27	 1 	  1  -34.643710341149195  31.52320749349593   -18.44486740160368 
	28	 1 	  1  -34.643710341149195  31.52320749349593   -17.44486740160368 
	29	 1 	  1  -34.643710341149195  31.52320749349593   -16.44486740160368 
	30	 1 	  3  -34.643710341149195  31.52320749349593   -15.44486740160368 
	31	 1 	  1  -34.643710341149195  31.52320749349593   -14.44486740160368 
	32	 1 	  1  -34.643710341149195  31.52320749349593   -13.44486740160368 
	33	 1 	  1  -34.643710341149195  31.52320749349593   -12.44486740160368 
	34	 1 	  1  -34.643710341149195  31.52320749349593   -11.44486740160368 
	35	 1 	  1  -34.643710341149195  31.52320749349593   -10.44486740160368 
	36	 1 	  1  -34.643710341149195  31.52320749349593   -9.44486740160368 
	37	 1 	  1  -34.643710341149195  31.52320749349593   -8.44486740160368 
	38	 1 	  1  -34.643710341149195  31.52320749349593   -7.44486740160368 
	39	 1 	  1  -34.643710341149195  31.52320749349593   -6.44486740160368 
	40	 1 	  1  -34.643710341149195  31.52320749349593   -5.44486740160368 
	41	 1 	  1  -34.643710341149195  31.52320749349593   -4.44486740160368 
	42	 1 	  1  -34.643710341149195  31.52320749349593   -3.4448674016036804 
	43	 1 	  1  -34.643710341149195  31.52320749349593   -2.4448674016036804 
	44	 1 	  1  -34.643710341149195  31.52320749349593   -1.4448674016036804 
	45	 1 	  1  -34.643710341149195  31.52320749349593   -0.44486740160368043 
	46	 1 	  1  -34.643710341149195  31.52320749349593   0.5551325983963196 
	47	 1 	  1  -34.643710341149195  31.52320749349593   1.5551325983963196 
	48	 1 	  1  -34.643710341149195  31.52320749349593   2.5551325983963196 
	49	 1 	  1  -34.643710341149195  31.52320749349593   3.5551325983963196 
	50	 1 	  1  -34.643710341149195  31.52320749349593   4.55513259839632 
	51	 1 	  1  -34.643710341149195  31.52320749349593   5.55513259839632 
	52	 1 	  1  -34.643710341149195  31.52320749349593   6.55513259839632 
	53	 1 	  1  -34.643710341149195  31.52320749349593   7.55513259839632 
	54	 1 	  1  -34.643710341149195  31.52320749349593   8.55513259839632 
	55	 1 	  1  -34.643710341149195  31.52320749349593   9.55513259839632 
	56	 1 	  1  -34.643710341149195  31.52320749349593   10.55513259839632 
	57	 1 	  1  -34.643710341149195  31.52320749349593   11.55513259839632 
	58	 1 	  1  -34.643710341149195  31.52320749349593   12.55513259839632 
	59	 1 	  1  -34.643710341149195  31.52320749349593   13.55513259839632 
	60	 1 	  4  -34.643710341149195  31.52320749349593   14.55513259839632 
	61	 1 	  1  -34.643710341149195  31.52320749349593   15.55513259839632 
	62	 1 	  1  -34.643710341149195  31.52320749349593   16.55513259839632 
	63	 1 	  1  -34.643710341149195  31.52320749349593   17.55513259839632 
	64	 1 	  1  -34.643710341149195  31.52320749349593   18.55513259839632 
	65	 1 	  1  -34.643710341149195  31.52320749349593   19.55513259839632 
	66	 1 	  1  -34.643710341149195  31.52320749349593   20.55513259839632 
	67	 1 	  1  -34.643710341149195  31.52320749349593   21.55513259839632 
	68	 1 	  1  -34.643710341149195  31.52320749349593   22.55513259839632 
	69	 1 	  1  -34.643710341149195  31.52320749349593   23.55513259839632 
	70	 1 	  1  -34.643710341149195  31.52320749349593   24.55513259839632 
	71	 1 	  1  -34.643710341149195  31.52320749349593   25.55513259839632 
	72	 1 	  1  -34.643710341149195  31.52320749349593   26.55513259839632 
	73	 1 	  1  -34.643710341149195  31.52320749349593   27.55513259839632 
	74	 1 	  1  -34.643710341149195  31.52320749349593   28.55513259839632 
	75	 1 	  1  -34.643710341149195  31.52320749349593   29.55513259839632 
	76	 1 	  1  -34.643710341149195  31.52320749349593   30.55513259839632 
	77	 1 	  1  -34.643710341149195  31.52320749349593   31.55513259839632 
	78	 1 	  1  -34.643710341149195  31.52320749349593   32.55513259839632 
	79	 1 	  1  -34.643710341149195  31.52320749349593   33.55513259839632 
	80	 1 	  1  -34.643710341149195  31.52320749349593   34.55513259839632 
	81	 1 	  1  -34.643710341149195  31.52320749349593   35.55513259839632 
	82	 1 	  1  -34.643710341149195  31.52320749349593   36.55513259839632 
	83	 1 	  1  -34.643710341149195  31.52320749349593   37.55513259839632 
	84	 1 	  1  -34.643710341149195  31.52320749349593   38.55513259839632 
	85	 1 	  1  -34.643710341149195  31.52320749349593   39.55513259839632 
	86	 1 	  1  -34.643710341149195  31.52320749349593   40.55513259839632 
	87	 1 	  1  -34.643710341149195  31.52320749349593   41.55513259839632 
	88	 1 	  1  -34.643710341149195  31.52320749349593   42.55513259839632 
	89	 1 	  1  -34.643710341149195  31.52320749349593   43.55513259839632 
	90	 1 	  5  -34.643710341149195  31.52320749349593   44.55513259839632 
	91	 2 	  6  -36.411359507221206  37.164760947094244   -49.541609224547045 
	92	 2 	  1  -36.411359507221206  37.164760947094244   -48.541609224547045 
	93	 2 	  1  -36.411359507221206  37.164760947094244   -47.541609224547045 
	94	 2 	  1  -36.411359507221206  37.164760947094244   -46.541609224547045 
	95	 2 	  1  -36.411359507221206  37.164760947094244   -45.541609224547045 
	96	 2 	  1  -36.411359507221206  37.164760947094244   -44.541609224547045 
	97	 2 	  1  -36.411359507221206  37.164760947094244   -43.541609224547045 
	98	 2 	  1  -36.411359507221206  37.164760947094244   -42.541609224547045 
	99	 2 	  1  -36.411359507221206  37.164760947094244   -41.541609224547045 
	100	 2 	  1  -36.411359507221206  37.164760947094244   -40.541609224547045 
	101	 2 	  1  -36.411359507221206  37.164760947094244   -39.541609224547045 
	102	 2 	  1  -36.411359507221206  37.164760947094244   -38.541609224547045 
	103	 2 	  1  -36.411359507221206  37.164760947094244   -37.541609224547045 
	104	 2 	  1  -36.411359507221206  37.164760947094244   -36.541609224547045 
	105	 2 	  1  -36.411359507221206  37.164760947094244   -35.541609224547045 
	106	 2 	  1  -36.411359507221206  37.164760947094244   -34.541609224547045 
	107	 2 	  1  -36.411359507221206  37.164760947094244   -33.541609224547045 
	108	 2 	  1  -36.411359507221206  37.164760947094244   -32.541609224547045 
	109	 2 	  1  -36.411359507221206  37.164760947094244   -31.541609224547045 
	110	 2 	  1  -36.411359507221206  37.164760947094244   -30.541609224547045 
	111	 2 	  1  -36.411359507221206  37.164760947094244   -29.541609224547045 
	112	 2 	  1  -36.411359507221206  37.164760947094244   -28.541609224547045 
	113	 2 	  1  -36.411359507221206  37.164760947094244   -27.541609224547045 
	114	 2 	  1  -36.411359507221206  37.164760947094244   -26.541609224547045 
	115	 2 	  1  -36.411359507221206  37.164760947094244   -25.541609224547045 
	116	 2 	  1  -36.411359507221206  37.164760947094244   -24.541609224547045 
	117	 2 	  1  -36.411359507221206  37.164760947094244   -23.541609224547045 
	118	 2 	  1  -36.411359507221206  37.164760947094244   -22.541609224547045 
	119	 2 	  1  -36.411359507221206  37.164760947094244   -21.541609224547045 
	120	 2 	  7  -36.411359507221206  37.164760947094244   -20.541609224547045 
	121	 2 	  1  -36.411359507221206  37.164760947094244   -19.541609224547045 
	122	 2 	  1  -36.411359507221206  37.164760947094244   -18.541609224547045 
	123	 2 	  1  -36.411359507221206  37.164760947094244   -17.541609224547045 
	124	 2 	  1  -36.411359507221206  37.164760947094244   -16.541609224547045 
	125	 2 	  1  -36.411359507221206  37.164760947094244   -15.541609224547045 
	126	 2 	  1  -36.411359507221206  37.164760947094244   -14.541609224547045 
	127	 2 	  1  -36.411359507221206  37.164760947094244   -13.541609224547045 
	128	 2 	  1  -36.411359507221206  37.164760947094244   -12.541609224547045 
	129	 2 	  1  -36.411359507221206  37.164760947094244   -11.541609224547045 
	130	 2 	  1  -36.411359507221206  37.164760947094244   -10.541609224547045 
	131	 2 	  1  -36.411359507221206  37.164760947094244   -9.541609224547045 
	132	 2 	  1  -36.411359507221206  37.164760947094244   -8.541609224547045 
	133	 2 	  1  -36.411359507221206  37.164760947094244   -7.541609224547045 
	134	 2 	  1  -36.411359507221206  37.164760947094244   -6.541609224547045 
	135	 2 	  1  -36.411359507221206  37.164760947094244   -5.541609224547045 
	136	 2 	  1  -36.411359507221206  37.164760947094244   -4.541609224547045 
	137	 2 	  1  -36.411359507221206  37.164760947094244   -3.541609224547045 
	138	 2 	  1  -36.411359507221206  37.164760947094244   -2.541609224547045 
	139	 2 	  1  -36.411359507221206  37.164760947094244   -1.5416092245470452 
	140	 2 	  1  -36.411359507221206  37.164760947094244   -0.5416092245470452 
	141	 2 	  1  -36.411359507221206  37.164760947094244   0.4583907754529548 
	142	 2 	  1  -36.411359507221206  37.164760947094244   1.4583907754529548 
	143	 2 	  1  -36.411359507221206  37.164760947094244   2.458390775452955 
	144	 2 	  1  -36.411359507221206  37.164760947094244   3.458390775452955 
	145	 2 	  1  -36.411359507221206  37.164760947094244   4.458390775452955 
	146	 2 	  1  -36.411359507221206  37.164760947094244   5.458390775452955 
	147	 2 	  1  -36.411359507221206  37.164760947094244   6.458390775452955 
	148	 2 	  1  -36.411359507221206  37.164760947094244   7.458390775452955 
	149	 2 	  1  -36.411359507221206  37.164760947094244   8.458390775452955 
	150	 2 	  8  -36.411359507221206  37.164760947094244   9.458390775452955 
	151	 2 	  1  -36.411359507221206  37.164760947094244   10.458390775452955 
	152	 2 	  1  -36.411359507221206  37.164760947094244   11.458390775452955 
	153	 2 	  1  -36.411359507221206  37.164760947094244   12.458390775452955 
	154	 2 	  1  -36.411359507221206  37.164760947094244   13.458390775452955 
	155	 2 	  1  -36.411359507221206  37.164760947094244   14.458390775452955 
	156	 2 	  1  -36.411359507221206  37.164760947094244   15.458390775452955 
	157	 2 	  1  -36.411359507221206  37.164760947094244   16.458390775452955 
	158	 2 	  1  -36.411359507221206  37.164760947094244   17.458390775452955 
	159	 2 	  1  -36.411359507221206  37.164760947094244   18.458390775452955 
	160	 2 	  1  -36.411359507221206  37.164760947094244   19.458390775452955 
	161	 2 	  1  -36.411359507221206  37.164760947094244   20.458390775452955 
	162	 2 	  1  -36.411359507221206  37.164760947094244   21.458390775452955 
	163	 2 	  1  -36.411359507221206  37.164760947094244   22.458390775452955 
	164	 2 	  1  -36.411359507221206  37.164760947094244   23.458390775452955 
	165	 2 	  1  -36.411359507221206  37.164760947094244   24.458390775452955 
	166	 2 	  1  -36.411359507221206  37.164760947094244   25.458390775452955 
	167	 2 	  1  -36.411359507221206  37.164760947094244   26.458390775452955 
	168	 2 	  1  -36.411359507221206  37.164760947094244   27.458390775452955 
	169	 2 	  1  -36.411359507221206  37.164760947094244   28.458390775452955 
	170	 2 	  1  -36.411359507221206  37.164760947094244   29.458390775452955 
	171	 2 	  1  -36.411359507221206  37.164760947094244   30.458390775452955 
	172	 2 	  1  -36.411359507221206  37.164760947094244   31.458390775452955 
	173	 2 	  1  -36.411359507221206  37.164760947094244   32.458390775452955 
	174	 2 	  1  -36.411359507221206  37.164760947094244   33.458390775452955 
	175	 2 	  1  -36.411359507221206  37.164760947094244   34.458390775452955 
	176	 2 	  1  -36.411359507221206  37.164760947094244   35.458390775452955 
	177	 2 	  1  -36.411359507221206  37.164760947094244   36.458390775452955 
	178	 2 	  1  -36.411359507221206  37.164760947094244   37.458390775452955 
	179	 2 	  1  -36.411359507221206  37.164760947094244   38.458390775452955 
	180	 2 	  9  -36.411359507221206  37.164760947094244   39.458390775452955 
	181	 3 	  10  23.5693501436012  40.40196438477251   -47.183883654969414 
	182	 3 	  1  23.5693501436012  40.40196438477251   -46.183883654969414 
	183	 3 	  1  23.5693501436012  40.40196438477251   -45.183883654969414 
	184	 3 	  1  23.5693501436012  40.40196438477251   -44.183883654969414 
	185	 3 	  1  23.5693501436012  40.40196438477251   -43.183883654969414 
	186	 3 	  1  23.5693501436012  40.40196438477251   -42.183883654969414 
	187	 3 	  1  23.5693501436012  40.40196438477251   -41.183883654969414 
	188	 3 	  1  23.5693501436012  40.40196438477251   -40.183883654969414 
	189	 3 	  1  23.5693501436012  40.40196438477251   -39.183883654969414 
	190	 3 	  1  23.5693501436012  40.40196438477251   -38.183883654969414 
	191	 3 	  1  23.5693501436012  40.40196438477251   -37.183883654969414 
	192	 3 	  1  23.5693501436012  40.40196438477251   -36.183883654969414 
	193	 3 	  1  23.5693501436012  40.40196438477251   -35.183883654969414 
	194	 3 	  1  23.5693501436012  40.40196438477251   -34.183883654969414 
	195	 3 	  1  23.5693501436012  40.40196438477251   -33.183883654969414 
	196	 3 	  1  23.5693501436012  40.40196438477251   -32.183883654969414 
	197	 3 	  1  23.5693501436012  40.40196438477251   -31.183883654969414 
	198	 3 	  1  23.5693501436012  40.40196438477251   -30.183883654969414 
	199	 3 	  1  23.5693501436012  40.40196438477251   -29.183883654969414 
	200	 3 	  1  23.5693501436012  40.40196438477251   -28.183883654969414 
	201	 3 	  1  23.5693501436012  40.40196438477251   -27.183883654969414 
	202	 3 	  1  23.5693501436012  40.40196438477251   -26.183883654969414 
	203	 3 	  1  23.5693501436012  40.40196438477251   -25.183883654969414 
	204	 3 	  1  23.5693501436012  40.40196438477251   -24.183883654969414 
	205	 3 	  1  23.5693501436012  40.40196438477251   -23.183883654969414 
	206	 3 	  1  23.5693501436012  40.40196438477251   -22.183883654969414 
	207	 3 	  1  23.5693501436012  40.40196438477251   -21.183883654969414 
	208	 3 	  1  23.5693501436012  40.40196438477251   -20.183883654969414 
	209	 3 	  1  23.5693501436012  40.40196438477251   -19.183883654969414 
	210	 3 	  11  23.5693501436012  40.40196438477251   -18.183883654969414 
	211	 3 	  1  23.5693501436012  40.40196438477251   -17.183883654969414 
	212	 3 	  1  23.5693501436012  40.40196438477251   -16.183883654969414 
	213	 3 	  1  23.5693501436012  40.40196438477251   -15.183883654969414 
	214	 3 	  1  23.5693501436012  40.40196438477251   -14.183883654969414 
	215	 3 	  1  23.5693501436012  40.40196438477251   -13.183883654969414 
	216	 3 	  1  23.5693501436012  40.40196438477251   -12.183883654969414 
	217	 3 	  1  23.5693501436012  40.40196438477251   -11.183883654969414 
	218	 3 	  1  23.5693501436012  40.40196438477251   -10.183883654969414 
	219	 3 	  1  23.5693501436012  40.40196438477251   -9.183883654969414 
	220	 3 	  1  23.5693501436012  40.40196438477251   -8.183883654969414 
	221	 3 	  1  23.5693501436012  40.40196438477251   -7.183883654969414 
	222	 3 	  1  23.5693501436012  40.40196438477251   -6.183883654969414 
	223	 3 	  1  23.5693501436012  40.40196438477251   -5.183883654969414 
	224	 3 	  1  23.5693501436012  40.40196438477251   -4.183883654969414 
	225	 3 	  1  23.5693501436012  40.40196438477251   -3.1838836549694136 
	226	 3 	  1  23.5693501436012  40.40196438477251   -2.1838836549694136 
	227	 3 	  1  23.5693501436012  40.40196438477251   -1.1838836549694136 
	228	 3 	  1  23.5693501436012  40.40196438477251   -0.1838836549694136 
	229	 3 	  1  23.5693501436012  40.40196438477251   0.8161163450305864 
	230	 3 	  1  23.5693501436012  40.40196438477251   1.8161163450305864 
	231	 3 	  1  23.5693501436012  40.40196438477251   2.8161163450305864 
	232	 3 	  1  23.5693501436012  40.40196438477251   3.8161163450305864 
	233	 3 	  1  23.5693501436012  40.40196438477251   4.816116345030586 
	234	 3 	  1  23.5693501436012  40.40196438477251   5.816116345030586 
	235	 3 	  1  23.5693501436012  40.40196438477251   6.816116345030586 
	236	 3 	  1  23.5693501436012  40.40196438477251   7.816116345030586 
	237	 3 	  1  23.5693501436012  40.40196438477251   8.816116345030586 
	238	 3 	  1  23.5693501436012  40.40196438477251   9.816116345030586 
	239	 3 	  1  23.5693501436012  40.40196438477251   10.816116345030586 
	240	 3 	  12  23.5693501436012  40.40196438477251   11.816116345030586 
	241	 3 	  1  23.5693501436012  40.40196438477251   12.816116345030586 
	242	 3 	  1  23.5693501436012  40.40196438477251   13.816116345030586 
	243	 3 	  1  23.5693501436012  40.40196438477251   14.816116345030586 
	244	 3 	  1  23.5693501436012  40.40196438477251   15.816116345030586 
	245	 3 	  1  23.5693501436012  40.40196438477251   16.816116345030586 
	246	 3 	  1  23.5693501436012  40.40196438477251   17.816116345030586 
	247	 3 	  1  23.5693501436012  40.40196438477251   18.816116345030586 
	248	 3 	  1  23.5693501436012  40.40196438477251   19.816116345030586 
	249	 3 	  1  23.5693501436012  40.40196438477251   20.816116345030586 
	250	 3 	  1  23.5693501436012  40.40196438477251   21.816116345030586 
	251	 3 	  1  23.5693501436012  40.40196438477251   22.816116345030586 
	252	 3 	  1  23.5693501436012  40.40196438477251   23.816116345030586 
	253	 3 	  1  23.5693501436012  40.40196438477251   24.816116345030586 
	254	 3 	  1  23.5693501436012  40.40196438477251   25.816116345030586 
	255	 3 	  1  23.5693501436012  40.40196438477251   26.816116345030586 
	256	 3 	  1  23.5693501436012  40.40196438477251   27.816116345030586 
	257	 3 	  1  23.5693501436012  40.40196438477251   28.816116345030586 
	258	 3 	  1  23.5693501436012  40.40196438477251   29.816116345030586 
	259	 3 	  1  23.5693501436012  40.40196438477251   30.816116345030586 
	260	 3 	  1  23.5693501436012  40.40196438477251   31.816116345030586 
	261	 3 	  1  23.5693501436012  40.40196438477251   32.816116345030586 
	262	 3 	  1  23.5693501436012  40.40196438477251   33.816116345030586 
	263	 3 	  1  23.5693501436012  40.40196438477251   34.816116345030586 
	264	 3 	  1  23.5693501436012  40.40196438477251   35.816116345030586 
	265	 3 	  1  23.5693501436012  40.40196438477251   36.816116345030586 
	266	 3 	  1  23.5693501436012  40.40196438477251   37.816116345030586 
	267	 3 	  1  23.5693501436012  40.40196438477251   38.816116345030586 
	268	 3 	  1  23.5693501436012  40.40196438477251   39.816116345030586 
	269	 3 	  1  23.5693501436012  40.40196438477251   40.816116345030586 
	270	 3 	  13  23.5693501436012  40.40196438477251   41.816116345030586 
	271	 4 	  14  8.037089606291659  33.67966980884405   -45.80102681549807 
	272	 4 	  1  8.037089606291659  33.67966980884405   -44.80102681549807 
	273	 4 	  1  8.037089606291659  33.67966980884405   -43.80102681549807 
	274	 4 	  1  8.037089606291659  33.67966980884405   -42.80102681549807 
	275	 4 	  1  8.037089606291659  33.67966980884405   -41.80102681549807 
	276	 4 	  1  8.037089606291659  33.67966980884405   -40.80102681549807 
	277	 4 	  1  8.037089606291659  33.67966980884405   -39.80102681549807 
	278	 4 	  1  8.037089606291659  33.67966980884405   -38.80102681549807 
	279	 4 	  1  8.037089606291659  33.67966980884405   -37.80102681549807 
	280	 4 	  1  8.037089606291659  33.67966980884405   -36.80102681549807 
	281	 4 	  1  8.037089606291659  33.67966980884405   -35.80102681549807 
	282	 4 	  1  8.037089606291659  33.67966980884405   -34.80102681549807 
	283	 4 	  1  8.037089606291659  33.67966980884405   -33.80102681549807 
	284	 4 	  1  8.037089606291659  33.67966980884405   -32.80102681549807 
	285	 4 	  1  8.037089606291659  33.67966980884405   -31.80102681549807 
	286	 4 	  1  8.037089606291659  33.67966980884405   -30.80102681549807 
	287	 4 	  1  8.037089606291659  33.67966980884405   -29.80102681549807 
	288	 4 	  1  8.037089606291659  33.67966980884405   -28.80102681549807 
	289	 4 	  1  8.037089606291659  33.67966980884405   -27.80102681549807 
	290	 4 	  1  8.037089606291659  33.67966980884405   -26.80102681549807 
	291	 4 	  1  8.037089606291659  33.67966980884405   -25.80102681549807 
	292	 4 	  1  8.037089606291659  33.67966980884405   -24.80102681549807 
	293	 4 	  1  8.037089606291659  33.67966980884405   -23.80102681549807 
	294	 4 	  1  8.037089606291659  33.67966980884405   -22.80102681549807 
	295	 4 	  1  8.037089606291659  33.67966980884405   -21.80102681549807 
	296	 4 	  1  8.037089606291659  33.67966980884405   -20.80102681549807 
	297	 4 	  1  8.037089606291659  33.67966980884405   -19.80102681549807 
	298	 4 	  1  8.037089606291659  33.67966980884405   -18.80102681549807 
	299	 4 	  1  8.037089606291659  33.67966980884405   -17.80102681549807 
	300	 4 	  15  8.037089606291659  33.67966980884405   -16.80102681549807 
	301	 4 	  1  8.037089606291659  33.67966980884405   -15.80102681549807 
	302	 4 	  1  8.037089606291659  33.67966980884405   -14.80102681549807 
	303	 4 	  1  8.037089606291659  33.67966980884405   -13.80102681549807 
	304	 4 	  1  8.037089606291659  33.67966980884405   -12.80102681549807 
	305	 4 	  1  8.037089606291659  33.67966980884405   -11.80102681549807 
	306	 4 	  1  8.037089606291659  33.67966980884405   -10.80102681549807 
	307	 4 	  1  8.037089606291659  33.67966980884405   -9.80102681549807 
	308	 4 	  1  8.037089606291659  33.67966980884405   -8.80102681549807 
	309	 4 	  1  8.037089606291659  33.67966980884405   -7.801026815498069 
	310	 4 	  1  8.037089606291659  33.67966980884405   -6.801026815498069 
	311	 4 	  1  8.037089606291659  33.67966980884405   -5.801026815498069 
	312	 4 	  1  8.037089606291659  33.67966980884405   -4.801026815498069 
	313	 4 	  1  8.037089606291659  33.67966980884405   -3.8010268154980693 
	314	 4 	  1  8.037089606291659  33.67966980884405   -2.8010268154980693 
	315	 4 	  1  8.037089606291659  33.67966980884405   -1.8010268154980693 
	316	 4 	  1  8.037089606291659  33.67966980884405   -0.8010268154980693 
	317	 4 	  1  8.037089606291659  33.67966980884405   0.1989731845019307 
	318	 4 	  1  8.037089606291659  33.67966980884405   1.1989731845019307 
	319	 4 	  1  8.037089606291659  33.67966980884405   2.1989731845019307 
	320	 4 	  1  8.037089606291659  33.67966980884405   3.1989731845019307 
	321	 4 	  1  8.037089606291659  33.67966980884405   4.198973184501931 
	322	 4 	  1  8.037089606291659  33.67966980884405   5.198973184501931 
	323	 4 	  1  8.037089606291659  33.67966980884405   6.198973184501931 
	324	 4 	  1  8.037089606291659  33.67966980884405   7.198973184501931 
	325	 4 	  1  8.037089606291659  33.67966980884405   8.19897318450193 
	326	 4 	  1  8.037089606291659  33.67966980884405   9.19897318450193 
	327	 4 	  1  8.037089606291659  33.67966980884405   10.19897318450193 
	328	 4 	  1  8.037089606291659  33.67966980884405   11.19897318450193 
	329	 4 	  1  8.037089606291659  33.67966980884405   12.19897318450193 
	330	 4 	  16  8.037089606291659  33.67966980884405   13.19897318450193 
	331	 4 	  1  8.037089606291659  33.67966980884405   14.19897318450193 
	332	 4 	  1  8.037089606291659  33.67966980884405   15.19897318450193 
	333	 4 	  1  8.037089606291659  33.67966980884405   16.19897318450193 
	334	 4 	  1  8.037089606291659  33.67966980884405   17.19897318450193 
	335	 4 	  1  8.037089606291659  33.67966980884405   18.19897318450193 
	336	 4 	  1  8.037089606291659  33.67966980884405   19.19897318450193 
	337	 4 	  1  8.037089606291659  33.67966980884405   20.19897318450193 
	338	 4 	  1  8.037089606291659  33.67966980884405   21.19897318450193 
	339	 4 	  1  8.037089606291659  33.67966980884405   22.19897318450193 
	340	 4 	  1  8.037089606291659  33.67966980884405   23.19897318450193 
	341	 4 	  1  8.037089606291659  33.67966980884405   24.19897318450193 
	342	 4 	  1  8.037089606291659  33.67966980884405   25.19897318450193 
	343	 4 	  1  8.037089606291659  33.67966980884405   26.19897318450193 
	344	 4 	  1  8.037089606291659  33.67966980884405   27.19897318450193 
	345	 4 	  1  8.037089606291659  33.67966980884405   28.19897318450193 
	346	 4 	  1  8.037089606291659  33.67966980884405   29.19897318450193 
	347	 4 	  1  8.037089606291659  33.67966980884405   30.19897318450193 
	348	 4 	  1  8.037089606291659  33.67966980884405   31.19897318450193 
	349	 4 	  1  8.037089606291659  33.67966980884405   32.19897318450193 
	350	 4 	  1  8.037089606291659  33.67966980884405   33.19897318450193 
	351	 4 	  1  8.037089606291659  33.67966980884405   34.19897318450193 
	352	 4 	  1  8.037089606291659  33.67966980884405   35.19897318450193 
	353	 4 	  1  8.037089606291659  33.67966980884405   36.19897318450193 
	354	 4 	  1  8.037089606291659  33.67966980884405   37.19897318450193 
	355	 4 	  1  8.037089606291659  33.67966980884405   38.19897318450193 
	356	 4 	  1  8.037089606291659  33.67966980884405   39.19897318450193 
	357	 4 	  1  8.037089606291659  33.67966980884405   40.19897318450193 
	358	 4 	  1  8.037089606291659  33.67966980884405   41.19897318450193 
	359	 4 	  1  8.037089606291659  33.67966980884405   42.19897318450193 
	360	 4 	  17  8.037089606291659  33.67966980884405   43.19897318450193 
	361	 5 	  18  2.960680933593751  26.693026062129643   -46.22214928958582 
	362	 5 	  1  2.960680933593751  26.693026062129643   -45.22214928958582 
	363	 5 	  1  2.960680933593751  26.693026062129643   -44.22214928958582 
	364	 5 	  1  2.960680933593751  26.693026062129643   -43.22214928958582 
	365	 5 	  1  2.960680933593751  26.693026062129643   -42.22214928958582 
	366	 5 	  1  2.960680933593751  26.693026062129643   -41.22214928958582 
	367	 5 	  1  2.960680933593751  26.693026062129643   -40.22214928958582 
	368	 5 	  1  2.960680933593751  26.693026062129643   -39.22214928958582 
	369	 5 	  1  2.960680933593751  26.693026062129643   -38.22214928958582 
	370	 5 	  1  2.960680933593751  26.693026062129643   -37.22214928958582 
	371	 5 	  1  2.960680933593751  26.693026062129643   -36.22214928958582 
	372	 5 	  1  2.960680933593751  26.693026062129643   -35.22214928958582 
	373	 5 	  1  2.960680933593751  26.693026062129643   -34.22214928958582 
	374	 5 	  1  2.960680933593751  26.693026062129643   -33.22214928958582 
	375	 5 	  1  2.960680933593751  26.693026062129643   -32.22214928958582 
	376	 5 	  1  2.960680933593751  26.693026062129643   -31.222149289585822 
	377	 5 	  1  2.960680933593751  26.693026062129643   -30.222149289585822 
	378	 5 	  1  2.960680933593751  26.693026062129643   -29.222149289585822 
	379	 5 	  1  2.960680933593751  26.693026062129643   -28.222149289585822 
	380	 5 	  1  2.960680933593751  26.693026062129643   -27.222149289585822 
	381	 5 	  1  2.960680933593751  26.693026062129643   -26.222149289585822 
	382	 5 	  1  2.960680933593751  26.693026062129643   -25.222149289585822 
	383	 5 	  1  2.960680933593751  26.693026062129643   -24.222149289585822 
	384	 5 	  1  2.960680933593751  26.693026062129643   -23.222149289585822 
	385	 5 	  1  2.960680933593751  26.693026062129643   -22.222149289585822 
	386	 5 	  1  2.960680933593751  26.693026062129643   -21.222149289585822 
	387	 5 	  1  2.960680933593751  26.693026062129643   -20.222149289585822 
	388	 5 	  1  2.960680933593751  26.693026062129643   -19.222149289585822 
	389	 5 	  1  2.960680933593751  26.693026062129643   -18.222149289585822 
	390	 5 	  19  2.960680933593751  26.693026062129643   -17.222149289585822 
	391	 5 	  1  2.960680933593751  26.693026062129643   -16.222149289585822 
	392	 5 	  1  2.960680933593751  26.693026062129643   -15.222149289585822 
	393	 5 	  1  2.960680933593751  26.693026062129643   -14.222149289585822 
	394	 5 	  1  2.960680933593751  26.693026062129643   -13.222149289585822 
	395	 5 	  1  2.960680933593751  26.693026062129643   -12.222149289585822 
	396	 5 	  1  2.960680933593751  26.693026062129643   -11.222149289585822 
	397	 5 	  1  2.960680933593751  26.693026062129643   -10.222149289585822 
	398	 5 	  1  2.960680933593751  26.693026062129643   -9.222149289585822 
	399	 5 	  1  2.960680933593751  26.693026062129643   -8.222149289585822 
	400	 5 	  1  2.960680933593751  26.693026062129643   -7.222149289585822 
	401	 5 	  1  2.960680933593751  26.693026062129643   -6.222149289585822 
	402	 5 	  1  2.960680933593751  26.693026062129643   -5.222149289585822 
	403	 5 	  1  2.960680933593751  26.693026062129643   -4.222149289585822 
	404	 5 	  1  2.960680933593751  26.693026062129643   -3.222149289585822 
	405	 5 	  1  2.960680933593751  26.693026062129643   -2.222149289585822 
	406	 5 	  1  2.960680933593751  26.693026062129643   -1.222149289585822 
	407	 5 	  1  2.960680933593751  26.693026062129643   -0.22214928958582192 
	408	 5 	  1  2.960680933593751  26.693026062129643   0.7778507104141781 
	409	 5 	  1  2.960680933593751  26.693026062129643   1.777850710414178 
	410	 5 	  1  2.960680933593751  26.693026062129643   2.777850710414178 
	411	 5 	  1  2.960680933593751  26.693026062129643   3.777850710414178 
	412	 5 	  1  2.960680933593751  26.693026062129643   4.777850710414178 
	413	 5 	  1  2.960680933593751  26.693026062129643   5.777850710414178 
	414	 5 	  1  2.960680933593751  26.693026062129643   6.777850710414178 
	415	 5 	  1  2.960680933593751  26.693026062129643   7.777850710414178 
	416	 5 	  1  2.960680933593751  26.693026062129643   8.777850710414178 
	417	 5 	  1  2.960680933593751  26.693026062129643   9.777850710414178 
	418	 5 	  1  2.960680933593751  26.693026062129643   10.777850710414178 
	419	 5 	  1  2.960680933593751  26.693026062129643   11.777850710414178 
	420	 5 	  20  2.960680933593751  26.693026062129643   12.777850710414178 
	421	 5 	  1  2.960680933593751  26.693026062129643   13.777850710414178 
	422	 5 	  1  2.960680933593751  26.693026062129643   14.777850710414178 
	423	 5 	  1  2.960680933593751  26.693026062129643   15.777850710414178 
	424	 5 	  1  2.960680933593751  26.693026062129643   16.777850710414178 
	425	 5 	  1  2.960680933593751  26.693026062129643   17.777850710414178 
	426	 5 	  1  2.960680933593751  26.693026062129643   18.777850710414178 
	427	 5 	  1  2.960680933593751  26.693026062129643   19.777850710414178 
	428	 5 	  1  2.960680933593751  26.693026062129643   20.777850710414178 
	429	 5 	  1  2.960680933593751  26.693026062129643   21.777850710414178 
	430	 5 	  1  2.960680933593751  26.693026062129643   22.777850710414178 
	431	 5 	  1  2.960680933593751  26.693026062129643   23.777850710414178 
	432	 5 	  1  2.960680933593751  26.693026062129643   24.777850710414178 
	433	 5 	  1  2.960680933593751  26.693026062129643   25.777850710414178 
	434	 5 	  1  2.960680933593751  26.693026062129643   26.777850710414178 
	435	 5 	  1  2.960680933593751  26.693026062129643   27.777850710414178 
	436	 5 	  1  2.960680933593751  26.693026062129643   28.777850710414178 
	437	 5 	  1  2.960680933593751  26.693026062129643   29.777850710414178 
	438	 5 	  1  2.960680933593751  26.693026062129643   30.777850710414178 
	439	 5 	  1  2.960680933593751  26.693026062129643   31.777850710414178 
	440	 5 	  1  2.960680933593751  26.693026062129643   32.77785071041418 
	441	 5 	  1  2.960680933593751  26.693026062129643   33.77785071041418 
	442	 5 	  1  2.960680933593751  26.693026062129643   34.77785071041418 
	443	 5 	  1  2.960680933593751  26.693026062129643   35.77785071041418 
	444	 5 	  1  2.960680933593751  26.693026062129643   36.77785071041418 
	445	 5 	  1  2.960680933593751  26.693026062129643   37.77785071041418 
	446	 5 	  1  2.960680933593751  26.693026062129643   38.77785071041418 
	447	 5 	  1  2.960680933593751  26.693026062129643   39.77785071041418 
	448	 5 	  1  2.960680933593751  26.693026062129643   40.77785071041418 
	449	 5 	  1  2.960680933593751  26.693026062129643   41.77785071041418 
	450	 5 	  21  2.960680933593751  26.693026062129643   42.77785071041418 
	451	 6 	  22  -1.7765415314864863  22.55940635802268   -45.49740015931983 
	452	 6 	  1  -1.7765415314864863  22.55940635802268   -44.49740015931983 
	453	 6 	  1  -1.7765415314864863  22.55940635802268   -43.49740015931983 
	454	 6 	  1  -1.7765415314864863  22.55940635802268   -42.49740015931983 
	455	 6 	  1  -1.7765415314864863  22.55940635802268   -41.49740015931983 
	456	 6 	  1  -1.7765415314864863  22.55940635802268   -40.49740015931983 
	457	 6 	  1  -1.7765415314864863  22.55940635802268   -39.49740015931983 
	458	 6 	  1  -1.7765415314864863  22.55940635802268   -38.49740015931983 
	459	 6 	  1  -1.7765415314864863  22.55940635802268   -37.49740015931983 
	460	 6 	  1  -1.7765415314864863  22.55940635802268   -36.49740015931983 
	461	 6 	  1  -1.7765415314864863  22.55940635802268   -35.49740015931983 
	462	 6 	  1  -1.7765415314864863  22.55940635802268   -34.49740015931983 
	463	 6 	  1  -1.7765415314864863  22.55940635802268   -33.49740015931983 
	464	 6 	  1  -1.7765415314864863  22.55940635802268   -32.49740015931983 
	465	 6 	  1  -1.7765415314864863  22.55940635802268   -31.49740015931983 
	466	 6 	  1  -1.7765415314864863  22.55940635802268   -30.49740015931983 
	467	 6 	  1  -1.7765415314864863  22.55940635802268   -29.49740015931983 
	468	 6 	  1  -1.7765415314864863  22.55940635802268   -28.49740015931983 
	469	 6 	  1  -1.7765415314864863  22.55940635802268   -27.49740015931983 
	470	 6 	  1  -1.7765415314864863  22.55940635802268   -26.49740015931983 
	471	 6 	  1  -1.7765415314864863  22.55940635802268   -25.49740015931983 
	472	 6 	  1  -1.7765415314864863  22.55940635802268   -24.49740015931983 
	473	 6 	  1  -1.7765415314864863  22.55940635802268   -23.49740015931983 
	474	 6 	  1  -1.7765415314864863  22.55940635802268   -22.49740015931983 
	475	 6 	  1  -1.7765415314864863  22.55940635802268   -21.49740015931983 
	476	 6 	  1  -1.7765415314864863  22.55940635802268   -20.49740015931983 
	477	 6 	  1  -1.7765415314864863  22.55940635802268   -19.49740015931983 
	478	 6 	  1  -1.7765415314864863  22.55940635802268   -18.49740015931983 
	479	 6 	  1  -1.7765415314864863  22.55940635802268   -17.49740015931983 
	480	 6 	  23  -1.7765415314864863  22.55940635802268   -16.49740015931983 
	481	 6 	  1  -1.7765415314864863  22.55940635802268   -15.497400159319831 
	482	 6 	  1  -1.7765415314864863  22.55940635802268   -14.497400159319831 
	483	 6 	  1  -1.7765415314864863  22.55940635802268   -13.497400159319831 
	484	 6 	  1  -1.7765415314864863  22.55940635802268   -12.497400159319831 
	485	 6 	  1  -1.7765415314864863  22.55940635802268   -11.497400159319831 
	486	 6 	  1  -1.7765415314864863  22.55940635802268   -10.497400159319831 
	487	 6 	  1  -1.7765415314864863  22.55940635802268   -9.497400159319831 
	488	 6 	  1  -1.7765415314864863  22.55940635802268   -8.497400159319831 
	489	 6 	  1  -1.7765415314864863  22.55940635802268   -7.497400159319831 
	490	 6 	  1  -1.7765415314864863  22.55940635802268   -6.497400159319831 
	491	 6 	  1  -1.7765415314864863  22.55940635802268   -5.497400159319831 
	492	 6 	  1  -1.7765415314864863  22.55940635802268   -4.497400159319831 
	493	 6 	  1  -1.7765415314864863  22.55940635802268   -3.497400159319831 
	494	 6 	  1  -1.7765415314864863  22.55940635802268   -2.497400159319831 
	495	 6 	  1  -1.7765415314864863  22.55940635802268   -1.497400159319831 
	496	 6 	  1  -1.7765415314864863  22.55940635802268   -0.49740015931983095 
	497	 6 	  1  -1.7765415314864863  22.55940635802268   0.502599840680169 
	498	 6 	  1  -1.7765415314864863  22.55940635802268   1.502599840680169 
	499	 6 	  1  -1.7765415314864863  22.55940635802268   2.502599840680169 
	500	 6 	  1  -1.7765415314864863  22.55940635802268   3.502599840680169 
	501	 6 	  1  -1.7765415314864863  22.55940635802268   4.502599840680169 
	502	 6 	  1  -1.7765415314864863  22.55940635802268   5.502599840680169 
	503	 6 	  1  -1.7765415314864863  22.55940635802268   6.502599840680169 
	504	 6 	  1  -1.7765415314864863  22.55940635802268   7.502599840680169 
	505	 6 	  1  -1.7765415314864863  22.55940635802268   8.502599840680169 
	506	 6 	  1  -1.7765415314864863  22.55940635802268   9.502599840680169 
	507	 6 	  1  -1.7765415314864863  22.55940635802268   10.502599840680169 
	508	 6 	  1  -1.7765415314864863  22.55940635802268   11.502599840680169 
	509	 6 	  1  -1.7765415314864863  22.55940635802268   12.502599840680169 
	510	 6 	  24  -1.7765415314864863  22.55940635802268   13.502599840680169 
	511	 6 	  1  -1.7765415314864863  22.55940635802268   14.502599840680169 
	512	 6 	  1  -1.7765415314864863  22.55940635802268   15.502599840680169 
	513	 6 	  1  -1.7765415314864863  22.55940635802268   16.50259984068017 
	514	 6 	  1  -1.7765415314864863  22.55940635802268   17.50259984068017 
	515	 6 	  1  -1.7765415314864863  22.55940635802268   18.50259984068017 
	516	 6 	  1  -1.7765415314864863  22.55940635802268   19.50259984068017 
	517	 6 	  1  -1.7765415314864863  22.55940635802268   20.50259984068017 
	518	 6 	  1  -1.7765415314864863  22.55940635802268   21.50259984068017 
	519	 6 	  1  -1.7765415314864863  22.55940635802268   22.50259984068017 
	520	 6 	  1  -1.7765415314864863  22.55940635802268   23.50259984068017 
	521	 6 	  1  -1.7765415314864863  22.55940635802268   24.50259984068017 
	522	 6 	  1  -1.7765415314864863  22.55940635802268   25.50259984068017 
	523	 6 	  1  -1.7765415314864863  22.55940635802268   26.50259984068017 
	524	 6 	  1  -1.7765415314864863  22.55940635802268   27.50259984068017 
	525	 6 	  1  -1.7765415314864863  22.55940635802268   28.50259984068017 
	526	 6 	  1  -1.7765415314864863  22.55940635802268   29.50259984068017 
	527	 6 	  1  -1.7765415314864863  22.55940635802268   30.50259984068017 
	528	 6 	  1  -1.7765415314864863  22.55940635802268   31.50259984068017 
	529	 6 	  1  -1.7765415314864863  22.55940635802268   32.50259984068017 
	530	 6 	  1  -1.7765415314864863  22.55940635802268   33.50259984068017 
	531	 6 	  1  -1.7765415314864863  22.55940635802268   34.50259984068017 
	532	 6 	  1  -1.7765415314864863  22.55940635802268   35.50259984068017 
	533	 6 	  1  -1.7765415314864863  22.55940635802268   36.50259984068017 
	534	 6 	  1  -1.7765415314864863  22.55940635802268   37.50259984068017 
	535	 6 	  1  -1.7765415314864863  22.55940635802268   38.50259984068017 
	536	 6 	  1  -1.7765415314864863  22.55940635802268   39.50259984068017 
	537	 6 	  1  -1.7765415314864863  22.55940635802268   40.50259984068017 
	538	 6 	  1  -1.7765415314864863  22.55940635802268   41.50259984068017 
	539	 6 	  1  -1.7765415314864863  22.55940635802268   42.50259984068017 
	540	 6 	  25  -1.7765415314864863  22.55940635802268   43.50259984068017 
	541	 7 	  26  20.539641565944123  -11.930108128950124   -43.289095886397824 
	542	 7 	  1  20.539641565944123  -11.930108128950124   -42.289095886397824 
	543	 7 	  1  20.539641565944123  -11.930108128950124   -41.289095886397824 
	544	 7 	  1  20.539641565944123  -11.930108128950124   -40.289095886397824 
	545	 7 	  1  20.539641565944123  -11.930108128950124   -39.289095886397824 
	546	 7 	  1  20.539641565944123  -11.930108128950124   -38.289095886397824 
	547	 7 	  1  20.539641565944123  -11.930108128950124   -37.289095886397824 
	548	 7 	  1  20.539641565944123  -11.930108128950124   -36.289095886397824 
	549	 7 	  1  20.539641565944123  -11.930108128950124   -35.289095886397824 
	550	 7 	  1  20.539641565944123  -11.930108128950124   -34.289095886397824 
	551	 7 	  1  20.539641565944123  -11.930108128950124   -33.289095886397824 
	552	 7 	  1  20.539641565944123  -11.930108128950124   -32.289095886397824 
	553	 7 	  1  20.539641565944123  -11.930108128950124   -31.289095886397824 
	554	 7 	  1  20.539641565944123  -11.930108128950124   -30.289095886397824 
	555	 7 	  1  20.539641565944123  -11.930108128950124   -29.289095886397824 
	556	 7 	  1  20.539641565944123  -11.930108128950124   -28.289095886397824 
	557	 7 	  1  20.539641565944123  -11.930108128950124   -27.289095886397824 
	558	 7 	  1  20.539641565944123  -11.930108128950124   -26.289095886397824 
	559	 7 	  1  20.539641565944123  -11.930108128950124   -25.289095886397824 
	560	 7 	  1  20.539641565944123  -11.930108128950124   -24.289095886397824 
	561	 7 	  1  20.539641565944123  -11.930108128950124   -23.289095886397824 
	562	 7 	  1  20.539641565944123  -11.930108128950124   -22.289095886397824 
	563	 7 	  1  20.539641565944123  -11.930108128950124   -21.289095886397824 
	564	 7 	  1  20.539641565944123  -11.930108128950124   -20.289095886397824 
	565	 7 	  1  20.539641565944123  -11.930108128950124   -19.289095886397824 
	566	 7 	  1  20.539641565944123  -11.930108128950124   -18.289095886397824 
	567	 7 	  1  20.539641565944123  -11.930108128950124   -17.289095886397824 
	568	 7 	  1  20.539641565944123  -11.930108128950124   -16.289095886397824 
	569	 7 	  1  20.539641565944123  -11.930108128950124   -15.289095886397824 
	570	 7 	  27  20.539641565944123  -11.930108128950124   -14.289095886397824 
	571	 7 	  1  20.539641565944123  -11.930108128950124   -13.289095886397824 
	572	 7 	  1  20.539641565944123  -11.930108128950124   -12.289095886397824 
	573	 7 	  1  20.539641565944123  -11.930108128950124   -11.289095886397824 
	574	 7 	  1  20.539641565944123  -11.930108128950124   -10.289095886397824 
	575	 7 	  1  20.539641565944123  -11.930108128950124   -9.289095886397824 
	576	 7 	  1  20.539641565944123  -11.930108128950124   -8.289095886397824 
	577	 7 	  1  20.539641565944123  -11.930108128950124   -7.289095886397824 
	578	 7 	  1  20.539641565944123  -11.930108128950124   -6.289095886397824 
	579	 7 	  1  20.539641565944123  -11.930108128950124   -5.289095886397824 
	580	 7 	  1  20.539641565944123  -11.930108128950124   -4.289095886397824 
	581	 7 	  1  20.539641565944123  -11.930108128950124   -3.289095886397824 
	582	 7 	  1  20.539641565944123  -11.930108128950124   -2.289095886397824 
	583	 7 	  1  20.539641565944123  -11.930108128950124   -1.2890958863978241 
	584	 7 	  1  20.539641565944123  -11.930108128950124   -0.28909588639782413 
	585	 7 	  1  20.539641565944123  -11.930108128950124   0.7109041136021759 
	586	 7 	  1  20.539641565944123  -11.930108128950124   1.7109041136021759 
	587	 7 	  1  20.539641565944123  -11.930108128950124   2.710904113602176 
	588	 7 	  1  20.539641565944123  -11.930108128950124   3.710904113602176 
	589	 7 	  1  20.539641565944123  -11.930108128950124   4.710904113602176 
	590	 7 	  1  20.539641565944123  -11.930108128950124   5.710904113602176 
	591	 7 	  1  20.539641565944123  -11.930108128950124   6.710904113602176 
	592	 7 	  1  20.539641565944123  -11.930108128950124   7.710904113602176 
	593	 7 	  1  20.539641565944123  -11.930108128950124   8.710904113602176 
	594	 7 	  1  20.539641565944123  -11.930108128950124   9.710904113602176 
	595	 7 	  1  20.539641565944123  -11.930108128950124   10.710904113602176 
	596	 7 	  1  20.539641565944123  -11.930108128950124   11.710904113602176 
	597	 7 	  1  20.539641565944123  -11.930108128950124   12.710904113602176 
	598	 7 	  1  20.539641565944123  -11.930108128950124   13.710904113602176 
	599	 7 	  1  20.539641565944123  -11.930108128950124   14.710904113602176 
	600	 7 	  28  20.539641565944123  -11.930108128950124   15.710904113602176 
	601	 7 	  1  20.539641565944123  -11.930108128950124   16.710904113602176 
	602	 7 	  1  20.539641565944123  -11.930108128950124   17.710904113602176 
	603	 7 	  1  20.539641565944123  -11.930108128950124   18.710904113602176 
	604	 7 	  1  20.539641565944123  -11.930108128950124   19.710904113602176 
	605	 7 	  1  20.539641565944123  -11.930108128950124   20.710904113602176 
	606	 7 	  1  20.539641565944123  -11.930108128950124   21.710904113602176 
	607	 7 	  1  20.539641565944123  -11.930108128950124   22.710904113602176 
	608	 7 	  1  20.539641565944123  -11.930108128950124   23.710904113602176 
	609	 7 	  1  20.539641565944123  -11.930108128950124   24.710904113602176 
	610	 7 	  1  20.539641565944123  -11.930108128950124   25.710904113602176 
	611	 7 	  1  20.539641565944123  -11.930108128950124   26.710904113602176 
	612	 7 	  1  20.539641565944123  -11.930108128950124   27.710904113602176 
	613	 7 	  1  20.539641565944123  -11.930108128950124   28.710904113602176 
	614	 7 	  1  20.539641565944123  -11.930108128950124   29.710904113602176 
	615	 7 	  1  20.539641565944123  -11.930108128950124   30.710904113602176 
	616	 7 	  1  20.539641565944123  -11.930108128950124   31.710904113602176 
	617	 7 	  1  20.539641565944123  -11.930108128950124   32.710904113602176 
	618	 7 	  1  20.539641565944123  -11.930108128950124   33.710904113602176 
	619	 7 	  1  20.539641565944123  -11.930108128950124   34.710904113602176 
	620	 7 	  1  20.539641565944123  -11.930108128950124   35.710904113602176 
	621	 7 	  1  20.539641565944123  -11.930108128950124   36.710904113602176 
	622	 7 	  1  20.539641565944123  -11.930108128950124   37.710904113602176 
	623	 7 	  1  20.539641565944123  -11.930108128950124   38.710904113602176 
	624	 7 	  1  20.539641565944123  -11.930108128950124   39.710904113602176 
	625	 7 	  1  20.539641565944123  -11.930108128950124   40.710904113602176 
	626	 7 	  1  20.539641565944123  -11.930108128950124   41.710904113602176 
	627	 7 	  1  20.539641565944123  -11.930108128950124   42.710904113602176 
	628	 7 	  1  20.539641565944123  -11.930108128950124   43.710904113602176 
	629	 7 	  1  20.539641565944123  -11.930108128950124   44.710904113602176 
	630	 7 	  29  20.539641565944123  -11.930108128950124   45.710904113602176 
	631	 8 	  30  -43.80773891235707  -22.11368023364567   -44.19697787859535 
	632	 8 	  1  -43.80773891235707  -22.11368023364567   -43.19697787859535 
	633	 8 	  1  -43.80773891235707  -22.11368023364567   -42.19697787859535 
	634	 8 	  1  -43.80773891235707  -22.11368023364567   -41.19697787859535 
	635	 8 	  1  -43.80773891235707  -22.11368023364567   -40.19697787859535 
	636	 8 	  1  -43.80773891235707  -22.11368023364567   -39.19697787859535 
	637	 8 	  1  -43.80773891235707  -22.11368023364567   -38.19697787859535 
	638	 8 	  1  -43.80773891235707  -22.11368023364567   -37.19697787859535 
	639	 8 	  1  -43.80773891235707  -22.11368023364567   -36.19697787859535 
	640	 8 	  1  -43.80773891235707  -22.11368023364567   -35.19697787859535 
	641	 8 	  1  -43.80773891235707  -22.11368023364567   -34.19697787859535 
	642	 8 	  1  -43.80773891235707  -22.11368023364567   -33.19697787859535 
	643	 8 	  1  -43.80773891235707  -22.11368023364567   -32.19697787859535 
	644	 8 	  1  -43.80773891235707  -22.11368023364567   -31.196977878595348 
	645	 8 	  1  -43.80773891235707  -22.11368023364567   -30.196977878595348 
	646	 8 	  1  -43.80773891235707  -22.11368023364567   -29.196977878595348 
	647	 8 	  1  -43.80773891235707  -22.11368023364567   -28.196977878595348 
	648	 8 	  1  -43.80773891235707  -22.11368023364567   -27.196977878595348 
	649	 8 	  1  -43.80773891235707  -22.11368023364567   -26.196977878595348 
	650	 8 	  1  -43.80773891235707  -22.11368023364567   -25.196977878595348 
	651	 8 	  1  -43.80773891235707  -22.11368023364567   -24.196977878595348 
	652	 8 	  1  -43.80773891235707  -22.11368023364567   -23.196977878595348 
	653	 8 	  1  -43.80773891235707  -22.11368023364567   -22.196977878595348 
	654	 8 	  1  -43.80773891235707  -22.11368023364567   -21.196977878595348 
	655	 8 	  1  -43.80773891235707  -22.11368023364567   -20.196977878595348 
	656	 8 	  1  -43.80773891235707  -22.11368023364567   -19.196977878595348 
	657	 8 	  1  -43.80773891235707  -22.11368023364567   -18.196977878595348 
	658	 8 	  1  -43.80773891235707  -22.11368023364567   -17.196977878595348 
	659	 8 	  1  -43.80773891235707  -22.11368023364567   -16.196977878595348 
	660	 8 	  31  -43.80773891235707  -22.11368023364567   -15.196977878595348 
	661	 8 	  1  -43.80773891235707  -22.11368023364567   -14.196977878595348 
	662	 8 	  1  -43.80773891235707  -22.11368023364567   -13.196977878595348 
	663	 8 	  1  -43.80773891235707  -22.11368023364567   -12.196977878595348 
	664	 8 	  1  -43.80773891235707  -22.11368023364567   -11.196977878595348 
	665	 8 	  1  -43.80773891235707  -22.11368023364567   -10.196977878595348 
	666	 8 	  1  -43.80773891235707  -22.11368023364567   -9.196977878595348 
	667	 8 	  1  -43.80773891235707  -22.11368023364567   -8.196977878595348 
	668	 8 	  1  -43.80773891235707  -22.11368023364567   -7.196977878595348 
	669	 8 	  1  -43.80773891235707  -22.11368023364567   -6.196977878595348 
	670	 8 	  1  -43.80773891235707  -22.11368023364567   -5.196977878595348 
	671	 8 	  1  -43.80773891235707  -22.11368023364567   -4.196977878595348 
	672	 8 	  1  -43.80773891235707  -22.11368023364567   -3.196977878595348 
	673	 8 	  1  -43.80773891235707  -22.11368023364567   -2.196977878595348 
	674	 8 	  1  -43.80773891235707  -22.11368023364567   -1.196977878595348 
	675	 8 	  1  -43.80773891235707  -22.11368023364567   -0.196977878595348 
	676	 8 	  1  -43.80773891235707  -22.11368023364567   0.803022121404652 
	677	 8 	  1  -43.80773891235707  -22.11368023364567   1.803022121404652 
	678	 8 	  1  -43.80773891235707  -22.11368023364567   2.803022121404652 
	679	 8 	  1  -43.80773891235707  -22.11368023364567   3.803022121404652 
	680	 8 	  1  -43.80773891235707  -22.11368023364567   4.803022121404652 
	681	 8 	  1  -43.80773891235707  -22.11368023364567   5.803022121404652 
	682	 8 	  1  -43.80773891235707  -22.11368023364567   6.803022121404652 
	683	 8 	  1  -43.80773891235707  -22.11368023364567   7.803022121404652 
	684	 8 	  1  -43.80773891235707  -22.11368023364567   8.803022121404652 
	685	 8 	  1  -43.80773891235707  -22.11368023364567   9.803022121404652 
	686	 8 	  1  -43.80773891235707  -22.11368023364567   10.803022121404652 
	687	 8 	  1  -43.80773891235707  -22.11368023364567   11.803022121404652 
	688	 8 	  1  -43.80773891235707  -22.11368023364567   12.803022121404652 
	689	 8 	  1  -43.80773891235707  -22.11368023364567   13.803022121404652 
	690	 8 	  32  -43.80773891235707  -22.11368023364567   14.803022121404652 
	691	 8 	  1  -43.80773891235707  -22.11368023364567   15.803022121404652 
	692	 8 	  1  -43.80773891235707  -22.11368023364567   16.803022121404652 
	693	 8 	  1  -43.80773891235707  -22.11368023364567   17.803022121404652 
	694	 8 	  1  -43.80773891235707  -22.11368023364567   18.803022121404652 
	695	 8 	  1  -43.80773891235707  -22.11368023364567   19.803022121404652 
	696	 8 	  1  -43.80773891235707  -22.11368023364567   20.803022121404652 
	697	 8 	  1  -43.80773891235707  -22.11368023364567   21.803022121404652 
	698	 8 	  1  -43.80773891235707  -22.11368023364567   22.803022121404652 
	699	 8 	  1  -43.80773891235707  -22.11368023364567   23.803022121404652 
	700	 8 	  1  -43.80773891235707  -22.11368023364567   24.803022121404652 
	701	 8 	  1  -43.80773891235707  -22.11368023364567   25.803022121404652 
	702	 8 	  1  -43.80773891235707  -22.11368023364567   26.803022121404652 
	703	 8 	  1  -43.80773891235707  -22.11368023364567   27.803022121404652 
	704	 8 	  1  -43.80773891235707  -22.11368023364567   28.803022121404652 
	705	 8 	  1  -43.80773891235707  -22.11368023364567   29.803022121404652 
	706	 8 	  1  -43.80773891235707  -22.11368023364567   30.803022121404652 
	707	 8 	  1  -43.80773891235707  -22.11368023364567   31.803022121404652 
	708	 8 	  1  -43.80773891235707  -22.11368023364567   32.80302212140465 
	709	 8 	  1  -43.80773891235707  -22.11368023364567   33.80302212140465 
	710	 8 	  1  -43.80773891235707  -22.11368023364567   34.80302212140465 
	711	 8 	  1  -43.80773891235707  -22.11368023364567   35.80302212140465 
	712	 8 	  1  -43.80773891235707  -22.11368023364567   36.80302212140465 
	713	 8 	  1  -43.80773891235707  -22.11368023364567   37.80302212140465 
	714	 8 	  1  -43.80773891235707  -22.11368023364567   38.80302212140465 
	715	 8 	  1  -43.80773891235707  -22.11368023364567   39.80302212140465 
	716	 8 	  1  -43.80773891235707  -22.11368023364567   40.80302212140465 
	717	 8 	  1  -43.80773891235707  -22.11368023364567   41.80302212140465 
	718	 8 	  1  -43.80773891235707  -22.11368023364567   42.80302212140465 
	719	 8 	  1  -43.80773891235707  -22.11368023364567   43.80302212140465 
	720	 8 	  33  -43.80773891235707  -22.11368023364567   44.80302212140465 
	721	 9 	  34  -36.53207973986117  38.39685246907797   -49.50235468183952 
	722	 9 	  1  -36.53207973986117  38.39685246907797   -48.50235468183952 
	723	 9 	  1  -36.53207973986117  38.39685246907797   -47.50235468183952 
	724	 9 	  1  -36.53207973986117  38.39685246907797   -46.50235468183952 
	725	 9 	  1  -36.53207973986117  38.39685246907797   -45.50235468183952 
	726	 9 	  1  -36.53207973986117  38.39685246907797   -44.50235468183952 
	727	 9 	  1  -36.53207973986117  38.39685246907797   -43.50235468183952 
	728	 9 	  1  -36.53207973986117  38.39685246907797   -42.50235468183952 
	729	 9 	  1  -36.53207973986117  38.39685246907797   -41.50235468183952 
	730	 9 	  1  -36.53207973986117  38.39685246907797   -40.50235468183952 
	731	 9 	  1  -36.53207973986117  38.39685246907797   -39.50235468183952 
	732	 9 	  1  -36.53207973986117  38.39685246907797   -38.50235468183952 
	733	 9 	  1  -36.53207973986117  38.39685246907797   -37.50235468183952 
	734	 9 	  1  -36.53207973986117  38.39685246907797   -36.50235468183952 
	735	 9 	  1  -36.53207973986117  38.39685246907797   -35.50235468183952 
	736	 9 	  1  -36.53207973986117  38.39685246907797   -34.50235468183952 
	737	 9 	  1  -36.53207973986117  38.39685246907797   -33.50235468183952 
	738	 9 	  1  -36.53207973986117  38.39685246907797   -32.50235468183952 
	739	 9 	  1  -36.53207973986117  38.39685246907797   -31.50235468183952 
	740	 9 	  1  -36.53207973986117  38.39685246907797   -30.50235468183952 
	741	 9 	  1  -36.53207973986117  38.39685246907797   -29.50235468183952 
	742	 9 	  1  -36.53207973986117  38.39685246907797   -28.50235468183952 
	743	 9 	  1  -36.53207973986117  38.39685246907797   -27.50235468183952 
	744	 9 	  1  -36.53207973986117  38.39685246907797   -26.50235468183952 
	745	 9 	  1  -36.53207973986117  38.39685246907797   -25.50235468183952 
	746	 9 	  1  -36.53207973986117  38.39685246907797   -24.50235468183952 
	747	 9 	  1  -36.53207973986117  38.39685246907797   -23.50235468183952 
	748	 9 	  1  -36.53207973986117  38.39685246907797   -22.50235468183952 
	749	 9 	  1  -36.53207973986117  38.39685246907797   -21.50235468183952 
	750	 9 	  35  -36.53207973986117  38.39685246907797   -20.50235468183952 
	751	 9 	  1  -36.53207973986117  38.39685246907797   -19.50235468183952 
	752	 9 	  1  -36.53207973986117  38.39685246907797   -18.50235468183952 
	753	 9 	  1  -36.53207973986117  38.39685246907797   -17.50235468183952 
	754	 9 	  1  -36.53207973986117  38.39685246907797   -16.50235468183952 
	755	 9 	  1  -36.53207973986117  38.39685246907797   -15.50235468183952 
	756	 9 	  1  -36.53207973986117  38.39685246907797   -14.50235468183952 
	757	 9 	  1  -36.53207973986117  38.39685246907797   -13.50235468183952 
	758	 9 	  1  -36.53207973986117  38.39685246907797   -12.50235468183952 
	759	 9 	  1  -36.53207973986117  38.39685246907797   -11.50235468183952 
	760	 9 	  1  -36.53207973986117  38.39685246907797   -10.50235468183952 
	761	 9 	  1  -36.53207973986117  38.39685246907797   -9.50235468183952 
	762	 9 	  1  -36.53207973986117  38.39685246907797   -8.50235468183952 
	763	 9 	  1  -36.53207973986117  38.39685246907797   -7.50235468183952 
	764	 9 	  1  -36.53207973986117  38.39685246907797   -6.50235468183952 
	765	 9 	  1  -36.53207973986117  38.39685246907797   -5.50235468183952 
	766	 9 	  1  -36.53207973986117  38.39685246907797   -4.50235468183952 
	767	 9 	  1  -36.53207973986117  38.39685246907797   -3.5023546818395204 
	768	 9 	  1  -36.53207973986117  38.39685246907797   -2.5023546818395204 
	769	 9 	  1  -36.53207973986117  38.39685246907797   -1.5023546818395204 
	770	 9 	  1  -36.53207973986117  38.39685246907797   -0.5023546818395204 
	771	 9 	  1  -36.53207973986117  38.39685246907797   0.49764531816047963 
	772	 9 	  1  -36.53207973986117  38.39685246907797   1.4976453181604796 
	773	 9 	  1  -36.53207973986117  38.39685246907797   2.4976453181604796 
	774	 9 	  1  -36.53207973986117  38.39685246907797   3.4976453181604796 
	775	 9 	  1  -36.53207973986117  38.39685246907797   4.49764531816048 
	776	 9 	  1  -36.53207973986117  38.39685246907797   5.49764531816048 
	777	 9 	  1  -36.53207973986117  38.39685246907797   6.49764531816048 
	778	 9 	  1  -36.53207973986117  38.39685246907797   7.49764531816048 
	779	 9 	  1  -36.53207973986117  38.39685246907797   8.49764531816048 
	780	 9 	  36  -36.53207973986117  38.39685246907797   9.49764531816048 
	781	 9 	  1  -36.53207973986117  38.39685246907797   10.49764531816048 
	782	 9 	  1  -36.53207973986117  38.39685246907797   11.49764531816048 
	783	 9 	  1  -36.53207973986117  38.39685246907797   12.49764531816048 
	784	 9 	  1  -36.53207973986117  38.39685246907797   13.49764531816048 
	785	 9 	  1  -36.53207973986117  38.39685246907797   14.49764531816048 
	786	 9 	  1  -36.53207973986117  38.39685246907797   15.49764531816048 
	787	 9 	  1  -36.53207973986117  38.39685246907797   16.49764531816048 
	788	 9 	  1  -36.53207973986117  38.39685246907797   17.49764531816048 
	789	 9 	  1  -36.53207973986117  38.39685246907797   18.49764531816048 
	790	 9 	  1  -36.53207973986117  38.39685246907797   19.49764531816048 
	791	 9 	  1  -36.53207973986117  38.39685246907797   20.49764531816048 
	792	 9 	  1  -36.53207973986117  38.39685246907797   21.49764531816048 
	793	 9 	  1  -36.53207973986117  38.39685246907797   22.49764531816048 
	794	 9 	  1  -36.53207973986117  38.39685246907797   23.49764531816048 
	795	 9 	  1  -36.53207973986117  38.39685246907797   24.49764531816048 
	796	 9 	  1  -36.53207973986117  38.39685246907797   25.49764531816048 
	797	 9 	  1  -36.53207973986117  38.39685246907797   26.49764531816048 
	798	 9 	  1  -36.53207973986117  38.39685246907797   27.49764531816048 
	799	 9 	  1  -36.53207973986117  38.39685246907797   28.49764531816048 
	800	 9 	  1  -36.53207973986117  38.39685246907797   29.49764531816048 
	801	 9 	  1  -36.53207973986117  38.39685246907797   30.49764531816048 
	802	 9 	  1  -36.53207973986117  38.39685246907797   31.49764531816048 
	803	 9 	  1  -36.53207973986117  38.39685246907797   32.49764531816048 
	804	 9 	  1  -36.53207973986117  38.39685246907797   33.49764531816048 
	805	 9 	  1  -36.53207973986117  38.39685246907797   34.49764531816048 
	806	 9 	  1  -36.53207973986117  38.39685246907797   35.49764531816048 
	807	 9 	  1  -36.53207973986117  38.39685246907797   36.49764531816048 
	808	 9 	  1  -36.53207973986117  38.39685246907797   37.49764531816048 
	809	 9 	  1  -36.53207973986117  38.39685246907797   38.49764531816048 
	810	 9 	  37  -36.53207973986117  38.39685246907797   39.49764531816048 
	811	 10 	  38  9.390234300909095  -36.444042710818344   -41.41989909457937 
	812	 10 	  1  9.390234300909095  -36.444042710818344   -40.41989909457937 
	813	 10 	  1  9.390234300909095  -36.444042710818344   -39.41989909457937 
	814	 10 	  1  9.390234300909095  -36.444042710818344   -38.41989909457937 
	815	 10 	  1  9.390234300909095  -36.444042710818344   -37.41989909457937 
	816	 10 	  1  9.390234300909095  -36.444042710818344   -36.41989909457937 
	817	 10 	  1  9.390234300909095  -36.444042710818344   -35.41989909457937 
	818	 10 	  1  9.390234300909095  -36.444042710818344   -34.41989909457937 
	819	 10 	  1  9.390234300909095  -36.444042710818344   -33.41989909457937 
	820	 10 	  1  9.390234300909095  -36.444042710818344   -32.41989909457937 
	821	 10 	  1  9.390234300909095  -36.444042710818344   -31.41989909457937 
	822	 10 	  1  9.390234300909095  -36.444042710818344   -30.41989909457937 
	823	 10 	  1  9.390234300909095  -36.444042710818344   -29.41989909457937 
	824	 10 	  1  9.390234300909095  -36.444042710818344   -28.41989909457937 
	825	 10 	  1  9.390234300909095  -36.444042710818344   -27.41989909457937 
	826	 10 	  1  9.390234300909095  -36.444042710818344   -26.41989909457937 
	827	 10 	  1  9.390234300909095  -36.444042710818344   -25.41989909457937 
	828	 10 	  1  9.390234300909095  -36.444042710818344   -24.41989909457937 
	829	 10 	  1  9.390234300909095  -36.444042710818344   -23.41989909457937 
	830	 10 	  1  9.390234300909095  -36.444042710818344   -22.41989909457937 
	831	 10 	  1  9.390234300909095  -36.444042710818344   -21.41989909457937 
	832	 10 	  1  9.390234300909095  -36.444042710818344   -20.41989909457937 
	833	 10 	  1  9.390234300909095  -36.444042710818344   -19.41989909457937 
	834	 10 	  1  9.390234300909095  -36.444042710818344   -18.41989909457937 
	835	 10 	  1  9.390234300909095  -36.444042710818344   -17.41989909457937 
	836	 10 	  1  9.390234300909095  -36.444042710818344   -16.41989909457937 
	837	 10 	  1  9.390234300909095  -36.444042710818344   -15.419899094579371 
	838	 10 	  1  9.390234300909095  -36.444042710818344   -14.419899094579371 
	839	 10 	  1  9.390234300909095  -36.444042710818344   -13.419899094579371 
	840	 10 	  39  9.390234300909095  -36.444042710818344   -12.419899094579371 
	841	 10 	  1  9.390234300909095  -36.444042710818344   -11.419899094579371 
	842	 10 	  1  9.390234300909095  -36.444042710818344   -10.419899094579371 
	843	 10 	  1  9.390234300909095  -36.444042710818344   -9.419899094579371 
	844	 10 	  1  9.390234300909095  -36.444042710818344   -8.419899094579371 
	845	 10 	  1  9.390234300909095  -36.444042710818344   -7.419899094579371 
	846	 10 	  1  9.390234300909095  -36.444042710818344   -6.419899094579371 
	847	 10 	  1  9.390234300909095  -36.444042710818344   -5.419899094579371 
	848	 10 	  1  9.390234300909095  -36.444042710818344   -4.419899094579371 
	849	 10 	  1  9.390234300909095  -36.444042710818344   -3.419899094579371 
	850	 10 	  1  9.390234300909095  -36.444042710818344   -2.419899094579371 
	851	 10 	  1  9.390234300909095  -36.444042710818344   -1.419899094579371 
	852	 10 	  1  9.390234300909095  -36.444042710818344   -0.419899094579371 
	853	 10 	  1  9.390234300909095  -36.444042710818344   0.580100905420629 
	854	 10 	  1  9.390234300909095  -36.444042710818344   1.580100905420629 
	855	 10 	  1  9.390234300909095  -36.444042710818344   2.580100905420629 
	856	 10 	  1  9.390234300909095  -36.444042710818344   3.580100905420629 
	857	 10 	  1  9.390234300909095  -36.444042710818344   4.580100905420629 
	858	 10 	  1  9.390234300909095  -36.444042710818344   5.580100905420629 
	859	 10 	  1  9.390234300909095  -36.444042710818344   6.580100905420629 
	860	 10 	  1  9.390234300909095  -36.444042710818344   7.580100905420629 
	861	 10 	  1  9.390234300909095  -36.444042710818344   8.580100905420629 
	862	 10 	  1  9.390234300909095  -36.444042710818344   9.580100905420629 
	863	 10 	  1  9.390234300909095  -36.444042710818344   10.580100905420629 
	864	 10 	  1  9.390234300909095  -36.444042710818344   11.580100905420629 
	865	 10 	  1  9.390234300909095  -36.444042710818344   12.580100905420629 
	866	 10 	  1  9.390234300909095  -36.444042710818344   13.580100905420629 
	867	 10 	  1  9.390234300909095  -36.444042710818344   14.580100905420629 
	868	 10 	  1  9.390234300909095  -36.444042710818344   15.580100905420629 
	869	 10 	  1  9.390234300909095  -36.444042710818344   16.58010090542063 
	870	 10 	  40  9.390234300909095  -36.444042710818344   17.58010090542063 
	871	 10 	  1  9.390234300909095  -36.444042710818344   18.58010090542063 
	872	 10 	  1  9.390234300909095  -36.444042710818344   19.58010090542063 
	873	 10 	  1  9.390234300909095  -36.444042710818344   20.58010090542063 
	874	 10 	  1  9.390234300909095  -36.444042710818344   21.58010090542063 
	875	 10 	  1  9.390234300909095  -36.444042710818344   22.58010090542063 
	876	 10 	  1  9.390234300909095  -36.444042710818344   23.58010090542063 
	877	 10 	  1  9.390234300909095  -36.444042710818344   24.58010090542063 
	878	 10 	  1  9.390234300909095  -36.444042710818344   25.58010090542063 
	879	 10 	  1  9.390234300909095  -36.444042710818344   26.58010090542063 
	880	 10 	  1  9.390234300909095  -36.444042710818344   27.58010090542063 
	881	 10 	  1  9.390234300909095  -36.444042710818344   28.58010090542063 
	882	 10 	  1  9.390234300909095  -36.444042710818344   29.58010090542063 
	883	 10 	  1  9.390234300909095  -36.444042710818344   30.58010090542063 
	884	 10 	  1  9.390234300909095  -36.444042710818344   31.58010090542063 
	885	 10 	  1  9.390234300909095  -36.444042710818344   32.58010090542063 
	886	 10 	  1  9.390234300909095  -36.444042710818344   33.58010090542063 
	887	 10 	  1  9.390234300909095  -36.444042710818344   34.58010090542063 
	888	 10 	  1  9.390234300909095  -36.444042710818344   35.58010090542063 
	889	 10 	  1  9.390234300909095  -36.444042710818344   36.58010090542063 
	890	 10 	  1  9.390234300909095  -36.444042710818344   37.58010090542063 
	891	 10 	  1  9.390234300909095  -36.444042710818344   38.58010090542063 
	892	 10 	  1  9.390234300909095  -36.444042710818344   39.58010090542063 
	893	 10 	  1  9.390234300909095  -36.444042710818344   40.58010090542063 
	894	 10 	  1  9.390234300909095  -36.444042710818344   41.58010090542063 
	895	 10 	  1  9.390234300909095  -36.444042710818344   42.58010090542063 
	896	 10 	  1  9.390234300909095  -36.444042710818344   43.58010090542063 
	897	 10 	  1  9.390234300909095  -36.444042710818344   44.58010090542063 
	898	 10 	  1  9.390234300909095  -36.444042710818344   45.58010090542063 
	899	 10 	  1  9.390234300909095  -36.444042710818344   46.58010090542063 
	900	 10 	  41  9.390234300909095  -36.444042710818344   47.58010090542063 

Bonds

       1    1   1      2 
       2    1   2      3 
       3    1   3      4 
       4    1   4      5 
       5    1   5      6 
       6    1   6      7 
       7    1   7      8 
       8    1   8      9 
       9    1   9      10 
       10    1   10      11 
       11    1   11      12 
       12    1   12      13 
       13    1   13      14 
       14    1   14      15 
       15    1   15      16 
       16    1   16      17 
       17    1   17      18 
       18    1   18      19 
       19    1   19      20 
       20    1   20      21 
       21    1   21      22 
       22    1   22      23 
       23    1   23      24 
       24    1   24      25 
       25    1   25      26 
       26    1   26      27 
       27    1   27      28 
       28    1   28      29 
       29    1   29      30 
       30    1   30      31 
       31    1   31      32 
       32    1   32      33 
       33    1   33      34 
       34    1   34      35 
       35    1   35      36 
       36    1   36      37 
       37    1   37      38 
       38    1   38      39 
       39    1   39      40 
       40    1   40      41 
       41    1   41      42 
       42    1   42      43 
       43    1   43      44 
       44    1   44      45 
       45    1   45      46 
       46    1   46      47 
       47    1   47      48 
       48    1   48      49 
       49    1   49      50 
       50    1   50      51 
       51    1   51      52 
       52    1   52      53 
       53    1   53      54 
       54    1   54      55 
       55    1   55      56 
       56    1   56      57 
       57    1   57      58 
       58    1   58      59 
       59    1   59      60 
       60    1   60      61 
       61    1   61      62 
       62    1   62      63 
       63    1   63      64 
       64    1   64      65 
       65    1   65      66 
       66    1   66      67 
       67    1   67      68 
       68    1   68      69 
       69    1   69      70 
       70    1   70      71 
       71    1   71      72 
       72    1   72      73 
       73    1   73      74 
       74    1   74      75 
       75    1   75      76 
       76    1   76      77 
       77    1   77      78 
       78    1   78      79 
       79    1   79      80 
       80    1   80      81 
       81    1   81      82 
       82    1   82      83 
       83    1   83      84 
       84    1   84      85 
       85    1   85      86 
       86    1   86      87 
       87    1   87      88 
       88    1   88      89 
       89    1   89      90 
       90    1   91      92 
       91    1   92      93 
       92    1   93      94 
       93    1   94      95 
       94    1   95      96 
       95    1   96      97 
       96    1   97      98 
       97    1   98      99 
       98    1   99      100 
       99    1   100      101 
       100    1   101      102 
       101    1   102      103 
       102    1   103      104 
       103    1   104      105 
       104    1   105      106 
       105    1   106      107 
       106    1   107      108 
       107    1   108      109 
       108    1   109      110 
       109    1   110      111 
       110    1   111      112 
       111    1   112      113 
       112    1   113      114 
       113    1   114      115 
       114    1   115      116 
       115    1   116      117 
       116    1   117      118 
       117    1   118      119 
       118    1   119      120 
       119    1   120      121 
       120    1   121      122 
       121    1   122      123 
       122    1   123      124 
       123    1   124      125 
       124    1   125      126 
       125    1   126      127 
       126    1   127      128 
       127    1   128      129 
       128    1   129      130 
       129    1   130      131 
       130    1   131      132 
       131    1   132      133 
       132    1   133      134 
       133    1   134      135 
       134    1   135      136 
       135    1   136      137 
       136    1   137      138 
       137    1   138      139 
       138    1   139      140 
       139    1   140      141 
       140    1   141      142 
       141    1   142      143 
       142    1   143      144 
       143    1   144      145 
       144    1   145      146 
       145    1   146      147 
       146    1   147      148 
       147    1   148      149 
       148    1   149      150 
       149    1   150      151 
       150    1   151      152 
       151    1   152      153 
       152    1   153      154 
       153    1   154      155 
       154    1   155      156 
       155    1   156      157 
       156    1   157      158 
       157    1   158      159 
       158    1   159      160 
       159    1   160      161 
       160    1   161      162 
       161    1   162      163 
       162    1   163      164 
       163    1   164      165 
       164    1   165      166 
       165    1   166      167 
       166    1   167      168 
       167    1   168      169 
       168    1   169      170 
       169    1   170      171 
       170    1   171      172 
       171    1   172      173 
       172    1   173      174 
       173    1   174      175 
       174    1   175      176 
       175    1   176      177 
       176    1   177      178 
       177    1   178      179 
       178    1   179      180 
       179    1   181      182 
       180    1   182      183 
       181    1   183      184 
       182    1   184      185 
       183    1   185      186 
       184    1   186      187 
       185    1   187      188 
       186    1   188      189 
       187    1   189      190 
       188    1   190      191 
       189    1   191      192 
       190    1   192      193 
       191    1   193      194 
       192    1   194      195 
       193    1   195      196 
       194    1   196      197 
       195    1   197      198 
       196    1   198      199 
       197    1   199      200 
       198    1   200      201 
       199    1   201      202 
       200    1   202      203 
       201    1   203      204 
       202    1   204      205 
       203    1   205      206 
       204    1   206      207 
       205    1   207      208 
       206    1   208      209 
       207    1   209      210 
       208    1   210      211 
       209    1   211      212 
       210    1   212      213 
       211    1   213      214 
       212    1   214      215 
       213    1   215      216 
       214    1   216      217 
       215    1   217      218 
       216    1   218      219 
       217    1   219      220 
       218    1   220      221 
       219    1   221      222 
       220    1   222      223 
       221    1   223      224 
       222    1   224      225 
       223    1   225      226 
       224    1   226      227 
       225    1   227      228 
       226    1   228      229 
       227    1   229      230 
       228    1   230      231 
       229    1   231      232 
       230    1   232      233 
       231    1   233      234 
       232    1   234      235 
       233    1   235      236 
       234    1   236      237 
       235    1   237      238 
       236    1   238      239 
       237    1   239      240 
       238    1   240      241 
       239    1   241      242 
       240    1   242      243 
       241    1   243      244 
       242    1   244      245 
       243    1   245      246 
       244    1   246      247 
       245    1   247      248 
       246    1   248      249 
       247    1   249      250 
       248    1   250      251 
       249    1   251      252 
       250    1   252      253 
       251    1   253      254 
       252    1   254      255 
       253    1   255      256 
       254    1   256      257 
       255    1   257      258 
       256    1   258      259 
       257    1   259      260 
       258    1   260      261 
       259    1   261      262 
       260    1   262      263 
       261    1   263      264 
       262    1   264      265 
       263    1   265      266 
       264    1   266      267 
       265    1   267      268 
       266    1   268      269 
       267    1   269      270 
       268    1   271      272 
       269    1   272      273 
       270    1   273      274 
       271    1   274      275 
       272    1   275      276 
       273    1   276      277 
       274    1   277      278 
       275    1   278      279 
       276    1   279      280 
       277    1   280      281 
       278    1   281      282 
       279    1   282      283 
       280    1   283      284 
       281    1   284      285 
       282    1   285      286 
       283    1   286      287 
       284    1   287      288 
       285    1   288      289 
       286    1   289      290 
       287    1   290      291 
       288    1   291      292 
       289    1   292      293 
       290    1   293      294 
       291    1   294      295 
       292    1   295      296 
       293    1   296      297 
       294    1   297      298 
       295    1   298      299 
       296    1   299      300 
       297    1   300      301 
       298    1   301      302 
       299    1   302      303 
       300    1   303      304 
       301    1   304      305 
       302    1   305      306 
       303    1   306      307 
       304    1   307      308 
       305    1   308      309 
       306    1   309      310 
       307    1   310      311 
       308    1   311      312 
       309    1   312      313 
       310    1   313      314 
       311    1   314      315 
       312    1   315      316 
       313    1   316      317 
       314    1   317      318 
       315    1   318      319 
       316    1   319      320 
       317    1   320      321 
       318    1   321      322 
       319    1   322      323 
       320    1   323      324 
       321    1   324      325 
       322    1   325      326 
       323    1   326      327 
       324    1   327      328 
       325    1   328      329 
       326    1   329      330 
       327    1   330      331 
       328    1   331      332 
       329    1   332      333 
       330    1   333      334 
       331    1   334      335 
       332    1   335      336 
       333    1   336      337 
       334    1   337      338 
       335    1   338      339 
       336    1   339      340 
       337    1   340      341 
       338    1   341      342 
       339    1   342      343 
       340    1   343      344 
       341    1   344      345 
       342    1   345      346 
       343    1   346      347 
       344    1   347      348 
       345    1   348      349 
       346    1   349      350 
       347    1   350      351 
       348    1   351      352 
       349    1   352      353 
       350    1   353      354 
       351    1   354      355 
       352    1   355      356 
       353    1   356      357 
       354    1   357      358 
       355    1   358      359 
       356    1   359      360 
       357    1   361      362 
       358    1   362      363 
       359    1   363      364 
       360    1   364      365 
       361    1   365      366 
       362    1   366      367 
       363    1   367      368 
       364    1   368      369 
       365    1   369      370 
       366    1   370      371 
       367    1   371      372 
       368    1   372      373 
       369    1   373      374 
       370    1   374      375 
       371    1   375      376 
       372    1   376      377 
       373    1   377      378 
       374    1   378      379 
       375    1   379      380 
       376    1   380      381 
       377    1   381      382 
       378    1   382      383 
       379    1   383      384 
       380    1   384      385 
       381    1   385      386 
       382    1   386      387 
       383    1   387      388 
       384    1   388      389 
       385    1   389      390 
       386    1   390      391 
       387    1   391      392 
       388    1   392      393 
       389    1   393      394 
       390    1   394      395 
       391    1   395      396 
       392    1   396      397 
       393    1   397      398 
       394    1   398      399 
       395    1   399      400 
       396    1   400      401 
       397    1   401      402 
       398    1   402      403 
       399    1   403      404 
       400    1   404      405 
       401    1   405      406 
       402    1   406      407 
       403    1   407      408 
       404    1   408      409 
       405    1   409      410 
       406    1   410      411 
       407    1   411      412 
       408    1   412      413 
       409    1   413      414 
       410    1   414      415 
       411    1   415      416 
       412    1   416      417 
       413    1   417      418 
       414    1   418      419 
       415    1   419      420 
       416    1   420      421 
       417    1   421      422 
       418    1   422      423 
       419    1   423      424 
       420    1   424      425 
       421    1   425      426 
       422    1   426      427 
       423    1   427      428 
       424    1   428      429 
       425    1   429      430 
       426    1   430      431 
       427    1   431      432 
       428    1   432      433 
       429    1   433      434 
       430    1   434      435 
       431    1   435      436 
       432    1   436      437 
       433    1   437      438 
       434    1   438      439 
       435    1   439      440 
       436    1   440      441 
       437    1   441      442 
       438    1   442      443 
       439    1   443      444 
       440    1   444      445 
       441    1   445      446 
       442    1   446      447 
       443    1   447      448 
       444    1   448      449 
       445    1   449      450 
       446    1   451      452 
       447    1   452      453 
       448    1   453      454 
       449    1   454      455 
       450    1   455      456 
       451    1   456      457 
       452    1   457      458 
       453    1   458      459 
       454    1   459      460 
       455    1   460      461 
       456    1   461      462 
       457    1   462      463 
       458    1   463      464 
       459    1   464      465 
       460    1   465      466 
       461    1   466      467 
       462    1   467      468 
       463    1   468      469 
       464    1   469      470 
       465    1   470      471 
       466    1   471      472 
       467    1   472      473 
       468    1   473      474 
       469    1   474      475 
       470    1   475      476 
       471    1   476      477 
       472    1   477      478 
       473    1   478      479 
       474    1   479      480 
       475    1   480      481 
       476    1   481      482 
       477    1   482      483 
       478    1   483      484 
       479    1   484      485 
       480    1   485      486 
       481    1   486      487 
       482    1   487      488 
       483    1   488      489 
       484    1   489      490 
       485    1   490      491 
       486    1   491      492 
       487    1   492      493 
       488    1   493      494 
       489    1   494      495 
       490    1   495      496 
       491    1   496      497 
       492    1   497      498 
       493    1   498      499 
       494    1   499      500 
       495    1   500      501 
       496    1   501      502 
       497    1   502      503 
       498    1   503      504 
       499    1   504      505 
       500    1   505      506 
       501    1   506      507 
       502    1   507      508 
       503    1   508      509 
       504    1   509      510 
       505    1   510      511 
       506    1   511      512 
       507    1   512      513 
       508    1   513      514 
       509    1   514      515 
       510    1   515      516 
       511    1   516      517 
       512    1   517      518 
       513    1   518      519 
       514    1   519      520 
       515    1   520      521 
       516    1   521      522 
       517    1   522      523 
       518    1   523      524 
       519    1   524      525 
       520    1   525      526 
       521    1   526      527 
       522    1   527      528 
       523    1   528      529 
       524    1   529      530 
       525    1   530      531 
       526    1   531      532 
       527    1   532      533 
       528    1   533      534 
       529    1   534      535 
       530    1   535      536 
       531    1   536      537 
       532    1   537      538 
       533    1   538      539 
       534    1   539      540 
       535    1   541      542 
       536    1   542      543 
       537    1   543      544 
       538    1   544      545 
       539    1   545      546 
       540    1   546      547 
       541    1   547      548 
       542    1   548      549 
       543    1   549      550 
       544    1   550      551 
       545    1   551      552 
       546    1   552      553 
       547    1   553      554 
       548    1   554      555 
       549    1   555      556 
       550    1   556      557 
       551    1   557      558 
       552    1   558      559 
       553    1   559      560 
       554    1   560      561 
       555    1   561      562 
       556    1   562      563 
       557    1   563      564 
       558    1   564      565 
       559    1   565      566 
       560    1   566      567 
       561    1   567      568 
       562    1   568      569 
       563    1   569      570 
       564    1   570      571 
       565    1   571      572 
       566    1   572      573 
       567    1   573      574 
       568    1   574      575 
       569    1   575      576 
       570    1   576      577 
       571    1   577      578 
       572    1   578      579 
       573    1   579      580 
       574    1   580      581 
       575    1   581      582 
       576    1   582      583 
       577    1   583      584 
       578    1   584      585 
       579    1   585      586 
       580    1   586      587 
       581    1   587      588 
       582    1   588      589 
       583    1   589      590 
       584    1   590      591 
       585    1   591      592 
       586    1   592      593 
       587    1   593      594 
       588    1   594      595 
       589    1   595      596 
       590    1   596      597 
       591    1   597      598 
       592    1   598      599 
       593    1   599      600 
       594    1   600      601 
       595    1   601      602 
       596    1   602      603 
       597    1   603      604 
       598    1   604      605 
       599    1   605      606 
       600    1   606      607 
       601    1   607      608 
       602    1   608      609 
       603    1   609      610 
       604    1   610      611 
       605    1   611      612 
       606    1   612      613 
       607    1   613      614 
       608    1   614      615 
       609    1   615      616 
       610    1   616      617 
       611    1   617      618 
       612    1   618      619 
       613    1   619      620 
       614    1   620      621 
       615    1   621      622 
       616    1   622      623 
       617    1   623      624 
       618    1   624      625 
       619    1   625      626 
       620    1   626      627 
       621    1   627      628 
       622    1   628      629 
       623    1   629      630 
       624    1   631      632 
       625    1   632      633 
       626    1   633      634 
       627    1   634      635 
       628    1   635      636 
       629    1   636      637 
       630    1   637      638 
       631    1   638      639 
       632    1   639      640 
       633    1   640      641 
       634    1   641      642 
       635    1   642      643 
       636    1   643      644 
       637    1   644      645 
       638    1   645      646 
       639    1   646      647 
       640    1   647      648 
       641    1   648      649 
       642    1   649      650 
       643    1   650      651 
       644    1   651      652 
       645    1   652      653 
       646    1   653      654 
       647    1   654      655 
       648    1   655      656 
       649    1   656      657 
       650    1   657      658 
       651    1   658      659 
       652    1   659      660 
       653    1   660      661 
       654    1   661      662 
       655    1   662      663 
       656    1   663      664 
       657    1   664      665 
       658    1   665      666 
       659    1   666      667 
       660    1   667      668 
       661    1   668      669 
       662    1   669      670 
       663    1   670      671 
       664    1   671      672 
       665    1   672      673 
       666    1   673      674 
       667    1   674      675 
       668    1   675      676 
       669    1   676      677 
       670    1   677      678 
       671    1   678      679 
       672    1   679      680 
       673    1   680      681 
       674    1   681      682 
       675    1   682      683 
       676    1   683      684 
       677    1   684      685 
       678    1   685      686 
       679    1   686      687 
       680    1   687      688 
       681    1   688      689 
       682    1   689      690 
       683    1   690      691 
       684    1   691      692 
       685    1   692      693 
       686    1   693      694 
       687    1   694      695 
       688    1   695      696 
       689    1   696      697 
       690    1   697      698 
       691    1   698      699 
       692    1   699      700 
       693    1   700      701 
       694    1   701      702 
       695    1   702      703 
       696    1   703      704 
       697    1   704      705 
       698    1   705      706 
       699    1   706      707 
       700    1   707      708 
       701    1   708      709 
       702    1   709      710 
       703    1   710      711 
       704    1   711      712 
       705    1   712      713 
       706    1   713      714 
       707    1   714      715 
       708    1   715      716 
       709    1   716      717 
       710    1   717      718 
       711    1   718      719 
       712    1   719      720 
       713    1   721      722 
       714    1   722      723 
       715    1   723      724 
       716    1   724      725 
       717    1   725      726 
       718    1   726      727 
       719    1   727      728 
       720    1   728      729 
       721    1   729      730 
       722    1   730      731 
       723    1   731      732 
       724    1   732      733 
       725    1   733      734 
       726    1   734      735 
       727    1   735      736 
       728    1   736      737 
       729    1   737      738 
       730    1   738      739 
       731    1   739      740 
       732    1   740      741 
       733    1   741      742 
       734    1   742      743 
       735    1   743      744 
       736    1   744      745 
       737    1   745      746 
       738    1   746      747 
       739    1   747      748 
       740    1   748      749 
       741    1   749      750 
       742    1   750      751 
       743    1   751      752 
       744    1   752      753 
       745    1   753      754 
       746    1   754      755 
       747    1   755      756 
       748    1   756      757 
       749    1   757      758 
       750    1   758      759 
       751    1   759      760 
       752    1   760      761 
       753    1   761      762 
       754    1   762      763 
       755    1   763      764 
       756    1   764      765 
       757    1   765      766 
       758    1   766      767 
       759    1   767      768 
       760    1   768      769 
       761    1   769      770 
       762    1   770      771 
       763    1   771      772 
       764    1   772      773 
       765    1   773      774 
       766    1   774      775 
       767    1   775      776 
       768    1   776      777 
       769    1   777      778 
       770    1   778      779 
       771    1   779      780 
       772    1   780      781 
       773    1   781      782 
       774    1   782      783 
       775    1   783      784 
       776    1   784      785 
       777    1   785      786 
       778    1   786      787 
       779    1   787      788 
       780    1   788      789 
       781    1   789      790 
       782    1   790      791 
       783    1   791      792 
       784    1   792      793 
       785    1   793      794 
       786    1   794      795 
       787    1   795      796 
       788    1   796      797 
       789    1   797      798 
       790    1   798      799 
       791    1   799      800 
       792    1   800      801 
       793    1   801      802 
       794    1   802      803 
       795    1   803      804 
       796    1   804      805 
       797    1   805      806 
       798    1   806      807 
       799    1   807      808 
       800    1   808      809 
       801    1   809      810 
       802    1   811      812 
       803    1   812      813 
       804    1   813      814 
       805    1   814      815 
       806    1   815      816 
       807    1   816      817 
       808    1   817      818 
       809    1   818      819 
       810    1   819      820 
       811    1   820      821 
       812    1   821      822 
       813    1   822      823 
       814    1   823      824 
       815    1   824      825 
       816    1   825      826 
       817    1   826      827 
       818    1   827      828 
       819    1   828      829 
       820    1   829      830 
       821    1   830      831 
       822    1   831      832 
       823    1   832      833 
       824    1   833      834 
       825    1   834      835 
       826    1   835      836 
       827    1   836      837 
       828    1   837      838 
       829    1   838      839 
       830    1   839      840 
       831    1   840      841 
       832    1   841      842 
       833    1   842      843 
       834    1   843      844 
       835    1   844      845 
       836    1   845      846 
       837    1   846      847 
       838    1   847      848 
       839    1   848      849 
       840    1   849      850 
       841    1   850      851 
       842    1   851      852 
       843    1   852      853 
       844    1   853      854 
       845    1   854      855 
       846    1   855      856 
       847    1   856      857 
       848    1   857      858 
       849    1   858      859 
       850    1   859      860 
       851    1   860      861 
       852    1   861      862 
       853    1   862      863 
       854    1   863      864 
       855    1   864      865 
       856    1   865      866 
       857    1   866      867 
       858    1   867      868 
       859    1   868      869 
       860    1   869      870 
       861    1   870      871 
       862    1   871      872 
       863    1   872      873 
       864    1   873      874 
       865    1   874      875 
       866    1   875      876 
       867    1   876      877 
       868    1   877      878 
       869    1   878      879 
       870    1   879      880 
       871    1   880      881 
       872    1   881      882 
       873    1   882      883 
       874    1   883      884 
       875    1   884      885 
       876    1   885      886 
       877    1   886      887 
       878    1   887      888 
       879    1   888      889 
       880    1   889      890 
       881    1   890      891 
       882    1   891      892 
       883    1   892      893 
       884    1   893      894 
       885    1   894      895 
       886    1   895      896 
       887    1   896      897 
       888    1   897      898 
       889    1   898      899 
       890    1   899      900 
