
900    atoms 
890    bonds 
0    angles 

41   atom    types 
1   bond    types 
0   angle    types 

-50.0 50.0  xlo  xhi 
-50.0 50.0  ylo  yhi 
-50.0 50.0  zlo  zhi 

Masses

1 1.0  
2 1.0  
3 1.0  
4 1.0  
5 1.0  
6 1.0  
7 1.0  
8 1.0  
9 1.0  
10 1.0  
11 1.0  
12 1.0  
13 1.0  
14 1.0  
15 1.0  
16 1.0  
17 1.0  
18 1.0  
19 1.0  
20 1.0  
21 1.0  
22 1.0  
23 1.0  
24 1.0  
25 1.0  
26 1.0  
27 1.0  
28 1.0  
29 1.0  
30 1.0  
31 1.0  
32 1.0  
33 1.0  
34 1.0  
35 1.0  
36 1.0  
37 1.0  
38 1.0  
39 1.0  
40 1.0  
41 1.0  

Atoms

	1	 1 	  2  4.747408840778567  22.814199859866658   -45.51407846609036 
	2	 1 	  1  4.747408840778567  22.814199859866658   -44.51407846609036 
	3	 1 	  1  4.747408840778567  22.814199859866658   -43.51407846609036 
	4	 1 	  1  4.747408840778567  22.814199859866658   -42.51407846609036 
	5	 1 	  1  4.747408840778567  22.814199859866658   -41.51407846609036 
	6	 1 	  1  4.747408840778567  22.814199859866658   -40.51407846609036 
	7	 1 	  1  4.747408840778567  22.814199859866658   -39.51407846609036 
	8	 1 	  1  4.747408840778567  22.814199859866658   -38.51407846609036 
	9	 1 	  1  4.747408840778567  22.814199859866658   -37.51407846609036 
	10	 1 	  1  4.747408840778567  22.814199859866658   -36.51407846609036 
	11	 1 	  1  4.747408840778567  22.814199859866658   -35.51407846609036 
	12	 1 	  1  4.747408840778567  22.814199859866658   -34.51407846609036 
	13	 1 	  1  4.747408840778567  22.814199859866658   -33.51407846609036 
	14	 1 	  1  4.747408840778567  22.814199859866658   -32.51407846609036 
	15	 1 	  1  4.747408840778567  22.814199859866658   -31.51407846609036 
	16	 1 	  1  4.747408840778567  22.814199859866658   -30.51407846609036 
	17	 1 	  1  4.747408840778567  22.814199859866658   -29.51407846609036 
	18	 1 	  1  4.747408840778567  22.814199859866658   -28.51407846609036 
	19	 1 	  1  4.747408840778567  22.814199859866658   -27.51407846609036 
	20	 1 	  1  4.747408840778567  22.814199859866658   -26.51407846609036 
	21	 1 	  1  4.747408840778567  22.814199859866658   -25.51407846609036 
	22	 1 	  1  4.747408840778567  22.814199859866658   -24.51407846609036 
	23	 1 	  1  4.747408840778567  22.814199859866658   -23.51407846609036 
	24	 1 	  1  4.747408840778567  22.814199859866658   -22.51407846609036 
	25	 1 	  1  4.747408840778567  22.814199859866658   -21.51407846609036 
	26	 1 	  1  4.747408840778567  22.814199859866658   -20.51407846609036 
	27	 1 	  1  4.747408840778567  22.814199859866658   -19.51407846609036 
	28	 1 	  1  4.747408840778567  22.814199859866658   -18.51407846609036 
	29	 1 	  1  4.747408840778567  22.814199859866658   -17.51407846609036 
	30	 1 	  3  4.747408840778567  22.814199859866658   -16.51407846609036 
	31	 1 	  1  4.747408840778567  22.814199859866658   -15.51407846609036 
	32	 1 	  1  4.747408840778567  22.814199859866658   -14.51407846609036 
	33	 1 	  1  4.747408840778567  22.814199859866658   -13.51407846609036 
	34	 1 	  1  4.747408840778567  22.814199859866658   -12.51407846609036 
	35	 1 	  1  4.747408840778567  22.814199859866658   -11.51407846609036 
	36	 1 	  1  4.747408840778567  22.814199859866658   -10.51407846609036 
	37	 1 	  1  4.747408840778567  22.814199859866658   -9.51407846609036 
	38	 1 	  1  4.747408840778567  22.814199859866658   -8.51407846609036 
	39	 1 	  1  4.747408840778567  22.814199859866658   -7.514078466090361 
	40	 1 	  1  4.747408840778567  22.814199859866658   -6.514078466090361 
	41	 1 	  1  4.747408840778567  22.814199859866658   -5.514078466090361 
	42	 1 	  1  4.747408840778567  22.814199859866658   -4.514078466090361 
	43	 1 	  1  4.747408840778567  22.814199859866658   -3.5140784660903606 
	44	 1 	  1  4.747408840778567  22.814199859866658   -2.5140784660903606 
	45	 1 	  1  4.747408840778567  22.814199859866658   -1.5140784660903606 
	46	 1 	  1  4.747408840778567  22.814199859866658   -0.5140784660903606 
	47	 1 	  1  4.747408840778567  22.814199859866658   0.48592153390963944 
	48	 1 	  1  4.747408840778567  22.814199859866658   1.4859215339096394 
	49	 1 	  1  4.747408840778567  22.814199859866658   2.4859215339096394 
	50	 1 	  1  4.747408840778567  22.814199859866658   3.4859215339096394 
	51	 1 	  1  4.747408840778567  22.814199859866658   4.485921533909639 
	52	 1 	  1  4.747408840778567  22.814199859866658   5.485921533909639 
	53	 1 	  1  4.747408840778567  22.814199859866658   6.485921533909639 
	54	 1 	  1  4.747408840778567  22.814199859866658   7.485921533909639 
	55	 1 	  1  4.747408840778567  22.814199859866658   8.48592153390964 
	56	 1 	  1  4.747408840778567  22.814199859866658   9.48592153390964 
	57	 1 	  1  4.747408840778567  22.814199859866658   10.48592153390964 
	58	 1 	  1  4.747408840778567  22.814199859866658   11.48592153390964 
	59	 1 	  1  4.747408840778567  22.814199859866658   12.48592153390964 
	60	 1 	  4  4.747408840778567  22.814199859866658   13.48592153390964 
	61	 1 	  1  4.747408840778567  22.814199859866658   14.48592153390964 
	62	 1 	  1  4.747408840778567  22.814199859866658   15.48592153390964 
	63	 1 	  1  4.747408840778567  22.814199859866658   16.48592153390964 
	64	 1 	  1  4.747408840778567  22.814199859866658   17.48592153390964 
	65	 1 	  1  4.747408840778567  22.814199859866658   18.48592153390964 
	66	 1 	  1  4.747408840778567  22.814199859866658   19.48592153390964 
	67	 1 	  1  4.747408840778567  22.814199859866658   20.48592153390964 
	68	 1 	  1  4.747408840778567  22.814199859866658   21.48592153390964 
	69	 1 	  1  4.747408840778567  22.814199859866658   22.48592153390964 
	70	 1 	  1  4.747408840778567  22.814199859866658   23.48592153390964 
	71	 1 	  1  4.747408840778567  22.814199859866658   24.48592153390964 
	72	 1 	  1  4.747408840778567  22.814199859866658   25.48592153390964 
	73	 1 	  1  4.747408840778567  22.814199859866658   26.48592153390964 
	74	 1 	  1  4.747408840778567  22.814199859866658   27.48592153390964 
	75	 1 	  1  4.747408840778567  22.814199859866658   28.48592153390964 
	76	 1 	  1  4.747408840778567  22.814199859866658   29.48592153390964 
	77	 1 	  1  4.747408840778567  22.814199859866658   30.48592153390964 
	78	 1 	  1  4.747408840778567  22.814199859866658   31.48592153390964 
	79	 1 	  1  4.747408840778567  22.814199859866658   32.48592153390964 
	80	 1 	  1  4.747408840778567  22.814199859866658   33.48592153390964 
	81	 1 	  1  4.747408840778567  22.814199859866658   34.48592153390964 
	82	 1 	  1  4.747408840778567  22.814199859866658   35.48592153390964 
	83	 1 	  1  4.747408840778567  22.814199859866658   36.48592153390964 
	84	 1 	  1  4.747408840778567  22.814199859866658   37.48592153390964 
	85	 1 	  1  4.747408840778567  22.814199859866658   38.48592153390964 
	86	 1 	  1  4.747408840778567  22.814199859866658   39.48592153390964 
	87	 1 	  1  4.747408840778567  22.814199859866658   40.48592153390964 
	88	 1 	  1  4.747408840778567  22.814199859866658   41.48592153390964 
	89	 1 	  1  4.747408840778567  22.814199859866658   42.48592153390964 
	90	 1 	  5  4.747408840778567  22.814199859866658   43.48592153390964 
	91	 2 	  6  -11.941382486015428  15.70157218265269   -45.48196573539198 
	92	 2 	  1  -11.941382486015428  15.70157218265269   -44.48196573539198 
	93	 2 	  1  -11.941382486015428  15.70157218265269   -43.48196573539198 
	94	 2 	  1  -11.941382486015428  15.70157218265269   -42.48196573539198 
	95	 2 	  1  -11.941382486015428  15.70157218265269   -41.48196573539198 
	96	 2 	  1  -11.941382486015428  15.70157218265269   -40.48196573539198 
	97	 2 	  1  -11.941382486015428  15.70157218265269   -39.48196573539198 
	98	 2 	  1  -11.941382486015428  15.70157218265269   -38.48196573539198 
	99	 2 	  1  -11.941382486015428  15.70157218265269   -37.48196573539198 
	100	 2 	  1  -11.941382486015428  15.70157218265269   -36.48196573539198 
	101	 2 	  1  -11.941382486015428  15.70157218265269   -35.48196573539198 
	102	 2 	  1  -11.941382486015428  15.70157218265269   -34.48196573539198 
	103	 2 	  1  -11.941382486015428  15.70157218265269   -33.48196573539198 
	104	 2 	  1  -11.941382486015428  15.70157218265269   -32.48196573539198 
	105	 2 	  1  -11.941382486015428  15.70157218265269   -31.48196573539198 
	106	 2 	  1  -11.941382486015428  15.70157218265269   -30.48196573539198 
	107	 2 	  1  -11.941382486015428  15.70157218265269   -29.48196573539198 
	108	 2 	  1  -11.941382486015428  15.70157218265269   -28.48196573539198 
	109	 2 	  1  -11.941382486015428  15.70157218265269   -27.48196573539198 
	110	 2 	  1  -11.941382486015428  15.70157218265269   -26.48196573539198 
	111	 2 	  1  -11.941382486015428  15.70157218265269   -25.48196573539198 
	112	 2 	  1  -11.941382486015428  15.70157218265269   -24.48196573539198 
	113	 2 	  1  -11.941382486015428  15.70157218265269   -23.48196573539198 
	114	 2 	  1  -11.941382486015428  15.70157218265269   -22.48196573539198 
	115	 2 	  1  -11.941382486015428  15.70157218265269   -21.48196573539198 
	116	 2 	  1  -11.941382486015428  15.70157218265269   -20.48196573539198 
	117	 2 	  1  -11.941382486015428  15.70157218265269   -19.48196573539198 
	118	 2 	  1  -11.941382486015428  15.70157218265269   -18.48196573539198 
	119	 2 	  1  -11.941382486015428  15.70157218265269   -17.48196573539198 
	120	 2 	  7  -11.941382486015428  15.70157218265269   -16.48196573539198 
	121	 2 	  1  -11.941382486015428  15.70157218265269   -15.48196573539198 
	122	 2 	  1  -11.941382486015428  15.70157218265269   -14.48196573539198 
	123	 2 	  1  -11.941382486015428  15.70157218265269   -13.48196573539198 
	124	 2 	  1  -11.941382486015428  15.70157218265269   -12.48196573539198 
	125	 2 	  1  -11.941382486015428  15.70157218265269   -11.48196573539198 
	126	 2 	  1  -11.941382486015428  15.70157218265269   -10.48196573539198 
	127	 2 	  1  -11.941382486015428  15.70157218265269   -9.48196573539198 
	128	 2 	  1  -11.941382486015428  15.70157218265269   -8.48196573539198 
	129	 2 	  1  -11.941382486015428  15.70157218265269   -7.481965735391981 
	130	 2 	  1  -11.941382486015428  15.70157218265269   -6.481965735391981 
	131	 2 	  1  -11.941382486015428  15.70157218265269   -5.481965735391981 
	132	 2 	  1  -11.941382486015428  15.70157218265269   -4.481965735391981 
	133	 2 	  1  -11.941382486015428  15.70157218265269   -3.481965735391981 
	134	 2 	  1  -11.941382486015428  15.70157218265269   -2.481965735391981 
	135	 2 	  1  -11.941382486015428  15.70157218265269   -1.4819657353919808 
	136	 2 	  1  -11.941382486015428  15.70157218265269   -0.48196573539198084 
	137	 2 	  1  -11.941382486015428  15.70157218265269   0.5180342646080192 
	138	 2 	  1  -11.941382486015428  15.70157218265269   1.5180342646080192 
	139	 2 	  1  -11.941382486015428  15.70157218265269   2.518034264608019 
	140	 2 	  1  -11.941382486015428  15.70157218265269   3.518034264608019 
	141	 2 	  1  -11.941382486015428  15.70157218265269   4.518034264608019 
	142	 2 	  1  -11.941382486015428  15.70157218265269   5.518034264608019 
	143	 2 	  1  -11.941382486015428  15.70157218265269   6.518034264608019 
	144	 2 	  1  -11.941382486015428  15.70157218265269   7.518034264608019 
	145	 2 	  1  -11.941382486015428  15.70157218265269   8.51803426460802 
	146	 2 	  1  -11.941382486015428  15.70157218265269   9.51803426460802 
	147	 2 	  1  -11.941382486015428  15.70157218265269   10.51803426460802 
	148	 2 	  1  -11.941382486015428  15.70157218265269   11.51803426460802 
	149	 2 	  1  -11.941382486015428  15.70157218265269   12.51803426460802 
	150	 2 	  8  -11.941382486015428  15.70157218265269   13.51803426460802 
	151	 2 	  1  -11.941382486015428  15.70157218265269   14.51803426460802 
	152	 2 	  1  -11.941382486015428  15.70157218265269   15.51803426460802 
	153	 2 	  1  -11.941382486015428  15.70157218265269   16.51803426460802 
	154	 2 	  1  -11.941382486015428  15.70157218265269   17.51803426460802 
	155	 2 	  1  -11.941382486015428  15.70157218265269   18.51803426460802 
	156	 2 	  1  -11.941382486015428  15.70157218265269   19.51803426460802 
	157	 2 	  1  -11.941382486015428  15.70157218265269   20.51803426460802 
	158	 2 	  1  -11.941382486015428  15.70157218265269   21.51803426460802 
	159	 2 	  1  -11.941382486015428  15.70157218265269   22.51803426460802 
	160	 2 	  1  -11.941382486015428  15.70157218265269   23.51803426460802 
	161	 2 	  1  -11.941382486015428  15.70157218265269   24.51803426460802 
	162	 2 	  1  -11.941382486015428  15.70157218265269   25.51803426460802 
	163	 2 	  1  -11.941382486015428  15.70157218265269   26.51803426460802 
	164	 2 	  1  -11.941382486015428  15.70157218265269   27.51803426460802 
	165	 2 	  1  -11.941382486015428  15.70157218265269   28.51803426460802 
	166	 2 	  1  -11.941382486015428  15.70157218265269   29.51803426460802 
	167	 2 	  1  -11.941382486015428  15.70157218265269   30.51803426460802 
	168	 2 	  1  -11.941382486015428  15.70157218265269   31.51803426460802 
	169	 2 	  1  -11.941382486015428  15.70157218265269   32.51803426460802 
	170	 2 	  1  -11.941382486015428  15.70157218265269   33.51803426460802 
	171	 2 	  1  -11.941382486015428  15.70157218265269   34.51803426460802 
	172	 2 	  1  -11.941382486015428  15.70157218265269   35.51803426460802 
	173	 2 	  1  -11.941382486015428  15.70157218265269   36.51803426460802 
	174	 2 	  1  -11.941382486015428  15.70157218265269   37.51803426460802 
	175	 2 	  1  -11.941382486015428  15.70157218265269   38.51803426460802 
	176	 2 	  1  -11.941382486015428  15.70157218265269   39.51803426460802 
	177	 2 	  1  -11.941382486015428  15.70157218265269   40.51803426460802 
	178	 2 	  1  -11.941382486015428  15.70157218265269   41.51803426460802 
	179	 2 	  1  -11.941382486015428  15.70157218265269   42.51803426460802 
	180	 2 	  9  -11.941382486015428  15.70157218265269   43.51803426460802 
	181	 3 	  10  39.24400991530887  27.85943196413815   -49.02786086521008 
	182	 3 	  1  39.24400991530887  27.85943196413815   -48.02786086521008 
	183	 3 	  1  39.24400991530887  27.85943196413815   -47.02786086521008 
	184	 3 	  1  39.24400991530887  27.85943196413815   -46.02786086521008 
	185	 3 	  1  39.24400991530887  27.85943196413815   -45.02786086521008 
	186	 3 	  1  39.24400991530887  27.85943196413815   -44.02786086521008 
	187	 3 	  1  39.24400991530887  27.85943196413815   -43.02786086521008 
	188	 3 	  1  39.24400991530887  27.85943196413815   -42.02786086521008 
	189	 3 	  1  39.24400991530887  27.85943196413815   -41.02786086521008 
	190	 3 	  1  39.24400991530887  27.85943196413815   -40.02786086521008 
	191	 3 	  1  39.24400991530887  27.85943196413815   -39.02786086521008 
	192	 3 	  1  39.24400991530887  27.85943196413815   -38.02786086521008 
	193	 3 	  1  39.24400991530887  27.85943196413815   -37.02786086521008 
	194	 3 	  1  39.24400991530887  27.85943196413815   -36.02786086521008 
	195	 3 	  1  39.24400991530887  27.85943196413815   -35.02786086521008 
	196	 3 	  1  39.24400991530887  27.85943196413815   -34.02786086521008 
	197	 3 	  1  39.24400991530887  27.85943196413815   -33.02786086521008 
	198	 3 	  1  39.24400991530887  27.85943196413815   -32.02786086521008 
	199	 3 	  1  39.24400991530887  27.85943196413815   -31.02786086521008 
	200	 3 	  1  39.24400991530887  27.85943196413815   -30.02786086521008 
	201	 3 	  1  39.24400991530887  27.85943196413815   -29.02786086521008 
	202	 3 	  1  39.24400991530887  27.85943196413815   -28.02786086521008 
	203	 3 	  1  39.24400991530887  27.85943196413815   -27.02786086521008 
	204	 3 	  1  39.24400991530887  27.85943196413815   -26.02786086521008 
	205	 3 	  1  39.24400991530887  27.85943196413815   -25.02786086521008 
	206	 3 	  1  39.24400991530887  27.85943196413815   -24.02786086521008 
	207	 3 	  1  39.24400991530887  27.85943196413815   -23.02786086521008 
	208	 3 	  1  39.24400991530887  27.85943196413815   -22.02786086521008 
	209	 3 	  1  39.24400991530887  27.85943196413815   -21.02786086521008 
	210	 3 	  11  39.24400991530887  27.85943196413815   -20.02786086521008 
	211	 3 	  1  39.24400991530887  27.85943196413815   -19.02786086521008 
	212	 3 	  1  39.24400991530887  27.85943196413815   -18.02786086521008 
	213	 3 	  1  39.24400991530887  27.85943196413815   -17.02786086521008 
	214	 3 	  1  39.24400991530887  27.85943196413815   -16.02786086521008 
	215	 3 	  1  39.24400991530887  27.85943196413815   -15.02786086521008 
	216	 3 	  1  39.24400991530887  27.85943196413815   -14.02786086521008 
	217	 3 	  1  39.24400991530887  27.85943196413815   -13.02786086521008 
	218	 3 	  1  39.24400991530887  27.85943196413815   -12.02786086521008 
	219	 3 	  1  39.24400991530887  27.85943196413815   -11.02786086521008 
	220	 3 	  1  39.24400991530887  27.85943196413815   -10.02786086521008 
	221	 3 	  1  39.24400991530887  27.85943196413815   -9.02786086521008 
	222	 3 	  1  39.24400991530887  27.85943196413815   -8.02786086521008 
	223	 3 	  1  39.24400991530887  27.85943196413815   -7.02786086521008 
	224	 3 	  1  39.24400991530887  27.85943196413815   -6.02786086521008 
	225	 3 	  1  39.24400991530887  27.85943196413815   -5.02786086521008 
	226	 3 	  1  39.24400991530887  27.85943196413815   -4.02786086521008 
	227	 3 	  1  39.24400991530887  27.85943196413815   -3.02786086521008 
	228	 3 	  1  39.24400991530887  27.85943196413815   -2.02786086521008 
	229	 3 	  1  39.24400991530887  27.85943196413815   -1.02786086521008 
	230	 3 	  1  39.24400991530887  27.85943196413815   -0.02786086521008002 
	231	 3 	  1  39.24400991530887  27.85943196413815   0.97213913478992 
	232	 3 	  1  39.24400991530887  27.85943196413815   1.97213913478992 
	233	 3 	  1  39.24400991530887  27.85943196413815   2.97213913478992 
	234	 3 	  1  39.24400991530887  27.85943196413815   3.97213913478992 
	235	 3 	  1  39.24400991530887  27.85943196413815   4.97213913478992 
	236	 3 	  1  39.24400991530887  27.85943196413815   5.97213913478992 
	237	 3 	  1  39.24400991530887  27.85943196413815   6.97213913478992 
	238	 3 	  1  39.24400991530887  27.85943196413815   7.97213913478992 
	239	 3 	  1  39.24400991530887  27.85943196413815   8.97213913478992 
	240	 3 	  12  39.24400991530887  27.85943196413815   9.97213913478992 
	241	 3 	  1  39.24400991530887  27.85943196413815   10.97213913478992 
	242	 3 	  1  39.24400991530887  27.85943196413815   11.97213913478992 
	243	 3 	  1  39.24400991530887  27.85943196413815   12.97213913478992 
	244	 3 	  1  39.24400991530887  27.85943196413815   13.97213913478992 
	245	 3 	  1  39.24400991530887  27.85943196413815   14.97213913478992 
	246	 3 	  1  39.24400991530887  27.85943196413815   15.97213913478992 
	247	 3 	  1  39.24400991530887  27.85943196413815   16.97213913478992 
	248	 3 	  1  39.24400991530887  27.85943196413815   17.97213913478992 
	249	 3 	  1  39.24400991530887  27.85943196413815   18.97213913478992 
	250	 3 	  1  39.24400991530887  27.85943196413815   19.97213913478992 
	251	 3 	  1  39.24400991530887  27.85943196413815   20.97213913478992 
	252	 3 	  1  39.24400991530887  27.85943196413815   21.97213913478992 
	253	 3 	  1  39.24400991530887  27.85943196413815   22.97213913478992 
	254	 3 	  1  39.24400991530887  27.85943196413815   23.97213913478992 
	255	 3 	  1  39.24400991530887  27.85943196413815   24.97213913478992 
	256	 3 	  1  39.24400991530887  27.85943196413815   25.97213913478992 
	257	 3 	  1  39.24400991530887  27.85943196413815   26.97213913478992 
	258	 3 	  1  39.24400991530887  27.85943196413815   27.97213913478992 
	259	 3 	  1  39.24400991530887  27.85943196413815   28.97213913478992 
	260	 3 	  1  39.24400991530887  27.85943196413815   29.97213913478992 
	261	 3 	  1  39.24400991530887  27.85943196413815   30.97213913478992 
	262	 3 	  1  39.24400991530887  27.85943196413815   31.97213913478992 
	263	 3 	  1  39.24400991530887  27.85943196413815   32.97213913478992 
	264	 3 	  1  39.24400991530887  27.85943196413815   33.97213913478992 
	265	 3 	  1  39.24400991530887  27.85943196413815   34.97213913478992 
	266	 3 	  1  39.24400991530887  27.85943196413815   35.97213913478992 
	267	 3 	  1  39.24400991530887  27.85943196413815   36.97213913478992 
	268	 3 	  1  39.24400991530887  27.85943196413815   37.97213913478992 
	269	 3 	  1  39.24400991530887  27.85943196413815   38.97213913478992 
	270	 3 	  13  39.24400991530887  27.85943196413815   39.97213913478992 
	271	 4 	  14  46.47541643326449  -40.37539650797288   -49.99423251741341 
	272	 4 	  1  46.47541643326449  -40.37539650797288   -48.99423251741341 
	273	 4 	  1  46.47541643326449  -40.37539650797288   -47.99423251741341 
	274	 4 	  1  46.47541643326449  -40.37539650797288   -46.99423251741341 
	275	 4 	  1  46.47541643326449  -40.37539650797288   -45.99423251741341 
	276	 4 	  1  46.47541643326449  -40.37539650797288   -44.99423251741341 
	277	 4 	  1  46.47541643326449  -40.37539650797288   -43.99423251741341 
	278	 4 	  1  46.47541643326449  -40.37539650797288   -42.99423251741341 
	279	 4 	  1  46.47541643326449  -40.37539650797288   -41.99423251741341 
	280	 4 	  1  46.47541643326449  -40.37539650797288   -40.99423251741341 
	281	 4 	  1  46.47541643326449  -40.37539650797288   -39.99423251741341 
	282	 4 	  1  46.47541643326449  -40.37539650797288   -38.99423251741341 
	283	 4 	  1  46.47541643326449  -40.37539650797288   -37.99423251741341 
	284	 4 	  1  46.47541643326449  -40.37539650797288   -36.99423251741341 
	285	 4 	  1  46.47541643326449  -40.37539650797288   -35.99423251741341 
	286	 4 	  1  46.47541643326449  -40.37539650797288   -34.99423251741341 
	287	 4 	  1  46.47541643326449  -40.37539650797288   -33.99423251741341 
	288	 4 	  1  46.47541643326449  -40.37539650797288   -32.99423251741341 
	289	 4 	  1  46.47541643326449  -40.37539650797288   -31.99423251741341 
	290	 4 	  1  46.47541643326449  -40.37539650797288   -30.99423251741341 
	291	 4 	  1  46.47541643326449  -40.37539650797288   -29.99423251741341 
	292	 4 	  1  46.47541643326449  -40.37539650797288   -28.99423251741341 
	293	 4 	  1  46.47541643326449  -40.37539650797288   -27.99423251741341 
	294	 4 	  1  46.47541643326449  -40.37539650797288   -26.99423251741341 
	295	 4 	  1  46.47541643326449  -40.37539650797288   -25.99423251741341 
	296	 4 	  1  46.47541643326449  -40.37539650797288   -24.99423251741341 
	297	 4 	  1  46.47541643326449  -40.37539650797288   -23.99423251741341 
	298	 4 	  1  46.47541643326449  -40.37539650797288   -22.99423251741341 
	299	 4 	  1  46.47541643326449  -40.37539650797288   -21.99423251741341 
	300	 4 	  15  46.47541643326449  -40.37539650797288   -20.99423251741341 
	301	 4 	  1  46.47541643326449  -40.37539650797288   -19.99423251741341 
	302	 4 	  1  46.47541643326449  -40.37539650797288   -18.99423251741341 
	303	 4 	  1  46.47541643326449  -40.37539650797288   -17.99423251741341 
	304	 4 	  1  46.47541643326449  -40.37539650797288   -16.99423251741341 
	305	 4 	  1  46.47541643326449  -40.37539650797288   -15.994232517413408 
	306	 4 	  1  46.47541643326449  -40.37539650797288   -14.994232517413408 
	307	 4 	  1  46.47541643326449  -40.37539650797288   -13.994232517413408 
	308	 4 	  1  46.47541643326449  -40.37539650797288   -12.994232517413408 
	309	 4 	  1  46.47541643326449  -40.37539650797288   -11.994232517413408 
	310	 4 	  1  46.47541643326449  -40.37539650797288   -10.994232517413408 
	311	 4 	  1  46.47541643326449  -40.37539650797288   -9.994232517413408 
	312	 4 	  1  46.47541643326449  -40.37539650797288   -8.994232517413408 
	313	 4 	  1  46.47541643326449  -40.37539650797288   -7.994232517413408 
	314	 4 	  1  46.47541643326449  -40.37539650797288   -6.994232517413408 
	315	 4 	  1  46.47541643326449  -40.37539650797288   -5.994232517413408 
	316	 4 	  1  46.47541643326449  -40.37539650797288   -4.994232517413408 
	317	 4 	  1  46.47541643326449  -40.37539650797288   -3.9942325174134083 
	318	 4 	  1  46.47541643326449  -40.37539650797288   -2.9942325174134083 
	319	 4 	  1  46.47541643326449  -40.37539650797288   -1.9942325174134083 
	320	 4 	  1  46.47541643326449  -40.37539650797288   -0.9942325174134083 
	321	 4 	  1  46.47541643326449  -40.37539650797288   0.005767482586591655 
	322	 4 	  1  46.47541643326449  -40.37539650797288   1.0057674825865917 
	323	 4 	  1  46.47541643326449  -40.37539650797288   2.0057674825865917 
	324	 4 	  1  46.47541643326449  -40.37539650797288   3.0057674825865917 
	325	 4 	  1  46.47541643326449  -40.37539650797288   4.005767482586592 
	326	 4 	  1  46.47541643326449  -40.37539650797288   5.005767482586592 
	327	 4 	  1  46.47541643326449  -40.37539650797288   6.005767482586592 
	328	 4 	  1  46.47541643326449  -40.37539650797288   7.005767482586592 
	329	 4 	  1  46.47541643326449  -40.37539650797288   8.005767482586592 
	330	 4 	  16  46.47541643326449  -40.37539650797288   9.005767482586592 
	331	 4 	  1  46.47541643326449  -40.37539650797288   10.005767482586592 
	332	 4 	  1  46.47541643326449  -40.37539650797288   11.005767482586592 
	333	 4 	  1  46.47541643326449  -40.37539650797288   12.005767482586592 
	334	 4 	  1  46.47541643326449  -40.37539650797288   13.005767482586592 
	335	 4 	  1  46.47541643326449  -40.37539650797288   14.005767482586592 
	336	 4 	  1  46.47541643326449  -40.37539650797288   15.005767482586592 
	337	 4 	  1  46.47541643326449  -40.37539650797288   16.00576748258659 
	338	 4 	  1  46.47541643326449  -40.37539650797288   17.00576748258659 
	339	 4 	  1  46.47541643326449  -40.37539650797288   18.00576748258659 
	340	 4 	  1  46.47541643326449  -40.37539650797288   19.00576748258659 
	341	 4 	  1  46.47541643326449  -40.37539650797288   20.00576748258659 
	342	 4 	  1  46.47541643326449  -40.37539650797288   21.00576748258659 
	343	 4 	  1  46.47541643326449  -40.37539650797288   22.00576748258659 
	344	 4 	  1  46.47541643326449  -40.37539650797288   23.00576748258659 
	345	 4 	  1  46.47541643326449  -40.37539650797288   24.00576748258659 
	346	 4 	  1  46.47541643326449  -40.37539650797288   25.00576748258659 
	347	 4 	  1  46.47541643326449  -40.37539650797288   26.00576748258659 
	348	 4 	  1  46.47541643326449  -40.37539650797288   27.00576748258659 
	349	 4 	  1  46.47541643326449  -40.37539650797288   28.00576748258659 
	350	 4 	  1  46.47541643326449  -40.37539650797288   29.00576748258659 
	351	 4 	  1  46.47541643326449  -40.37539650797288   30.00576748258659 
	352	 4 	  1  46.47541643326449  -40.37539650797288   31.00576748258659 
	353	 4 	  1  46.47541643326449  -40.37539650797288   32.00576748258659 
	354	 4 	  1  46.47541643326449  -40.37539650797288   33.00576748258659 
	355	 4 	  1  46.47541643326449  -40.37539650797288   34.00576748258659 
	356	 4 	  1  46.47541643326449  -40.37539650797288   35.00576748258659 
	357	 4 	  1  46.47541643326449  -40.37539650797288   36.00576748258659 
	358	 4 	  1  46.47541643326449  -40.37539650797288   37.00576748258659 
	359	 4 	  1  46.47541643326449  -40.37539650797288   38.00576748258659 
	360	 4 	  17  46.47541643326449  -40.37539650797288   39.00576748258659 
	361	 5 	  18  -16.949753393066946  -26.255938085478814   -48.788625416202166 
	362	 5 	  1  -16.949753393066946  -26.255938085478814   -47.788625416202166 
	363	 5 	  1  -16.949753393066946  -26.255938085478814   -46.788625416202166 
	364	 5 	  1  -16.949753393066946  -26.255938085478814   -45.788625416202166 
	365	 5 	  1  -16.949753393066946  -26.255938085478814   -44.788625416202166 
	366	 5 	  1  -16.949753393066946  -26.255938085478814   -43.788625416202166 
	367	 5 	  1  -16.949753393066946  -26.255938085478814   -42.788625416202166 
	368	 5 	  1  -16.949753393066946  -26.255938085478814   -41.788625416202166 
	369	 5 	  1  -16.949753393066946  -26.255938085478814   -40.788625416202166 
	370	 5 	  1  -16.949753393066946  -26.255938085478814   -39.788625416202166 
	371	 5 	  1  -16.949753393066946  -26.255938085478814   -38.788625416202166 
	372	 5 	  1  -16.949753393066946  -26.255938085478814   -37.788625416202166 
	373	 5 	  1  -16.949753393066946  -26.255938085478814   -36.788625416202166 
	374	 5 	  1  -16.949753393066946  -26.255938085478814   -35.788625416202166 
	375	 5 	  1  -16.949753393066946  -26.255938085478814   -34.788625416202166 
	376	 5 	  1  -16.949753393066946  -26.255938085478814   -33.788625416202166 
	377	 5 	  1  -16.949753393066946  -26.255938085478814   -32.788625416202166 
	378	 5 	  1  -16.949753393066946  -26.255938085478814   -31.788625416202166 
	379	 5 	  1  -16.949753393066946  -26.255938085478814   -30.788625416202166 
	380	 5 	  1  -16.949753393066946  -26.255938085478814   -29.788625416202166 
	381	 5 	  1  -16.949753393066946  -26.255938085478814   -28.788625416202166 
	382	 5 	  1  -16.949753393066946  -26.255938085478814   -27.788625416202166 
	383	 5 	  1  -16.949753393066946  -26.255938085478814   -26.788625416202166 
	384	 5 	  1  -16.949753393066946  -26.255938085478814   -25.788625416202166 
	385	 5 	  1  -16.949753393066946  -26.255938085478814   -24.788625416202166 
	386	 5 	  1  -16.949753393066946  -26.255938085478814   -23.788625416202166 
	387	 5 	  1  -16.949753393066946  -26.255938085478814   -22.788625416202166 
	388	 5 	  1  -16.949753393066946  -26.255938085478814   -21.788625416202166 
	389	 5 	  1  -16.949753393066946  -26.255938085478814   -20.788625416202166 
	390	 5 	  19  -16.949753393066946  -26.255938085478814   -19.788625416202166 
	391	 5 	  1  -16.949753393066946  -26.255938085478814   -18.788625416202166 
	392	 5 	  1  -16.949753393066946  -26.255938085478814   -17.788625416202166 
	393	 5 	  1  -16.949753393066946  -26.255938085478814   -16.788625416202166 
	394	 5 	  1  -16.949753393066946  -26.255938085478814   -15.788625416202166 
	395	 5 	  1  -16.949753393066946  -26.255938085478814   -14.788625416202166 
	396	 5 	  1  -16.949753393066946  -26.255938085478814   -13.788625416202166 
	397	 5 	  1  -16.949753393066946  -26.255938085478814   -12.788625416202166 
	398	 5 	  1  -16.949753393066946  -26.255938085478814   -11.788625416202166 
	399	 5 	  1  -16.949753393066946  -26.255938085478814   -10.788625416202166 
	400	 5 	  1  -16.949753393066946  -26.255938085478814   -9.788625416202166 
	401	 5 	  1  -16.949753393066946  -26.255938085478814   -8.788625416202166 
	402	 5 	  1  -16.949753393066946  -26.255938085478814   -7.788625416202166 
	403	 5 	  1  -16.949753393066946  -26.255938085478814   -6.788625416202166 
	404	 5 	  1  -16.949753393066946  -26.255938085478814   -5.788625416202166 
	405	 5 	  1  -16.949753393066946  -26.255938085478814   -4.788625416202166 
	406	 5 	  1  -16.949753393066946  -26.255938085478814   -3.7886254162021658 
	407	 5 	  1  -16.949753393066946  -26.255938085478814   -2.7886254162021658 
	408	 5 	  1  -16.949753393066946  -26.255938085478814   -1.7886254162021658 
	409	 5 	  1  -16.949753393066946  -26.255938085478814   -0.7886254162021658 
	410	 5 	  1  -16.949753393066946  -26.255938085478814   0.21137458379783425 
	411	 5 	  1  -16.949753393066946  -26.255938085478814   1.2113745837978342 
	412	 5 	  1  -16.949753393066946  -26.255938085478814   2.2113745837978342 
	413	 5 	  1  -16.949753393066946  -26.255938085478814   3.2113745837978342 
	414	 5 	  1  -16.949753393066946  -26.255938085478814   4.211374583797834 
	415	 5 	  1  -16.949753393066946  -26.255938085478814   5.211374583797834 
	416	 5 	  1  -16.949753393066946  -26.255938085478814   6.211374583797834 
	417	 5 	  1  -16.949753393066946  -26.255938085478814   7.211374583797834 
	418	 5 	  1  -16.949753393066946  -26.255938085478814   8.211374583797834 
	419	 5 	  1  -16.949753393066946  -26.255938085478814   9.211374583797834 
	420	 5 	  20  -16.949753393066946  -26.255938085478814   10.211374583797834 
	421	 5 	  1  -16.949753393066946  -26.255938085478814   11.211374583797834 
	422	 5 	  1  -16.949753393066946  -26.255938085478814   12.211374583797834 
	423	 5 	  1  -16.949753393066946  -26.255938085478814   13.211374583797834 
	424	 5 	  1  -16.949753393066946  -26.255938085478814   14.211374583797834 
	425	 5 	  1  -16.949753393066946  -26.255938085478814   15.211374583797834 
	426	 5 	  1  -16.949753393066946  -26.255938085478814   16.211374583797834 
	427	 5 	  1  -16.949753393066946  -26.255938085478814   17.211374583797834 
	428	 5 	  1  -16.949753393066946  -26.255938085478814   18.211374583797834 
	429	 5 	  1  -16.949753393066946  -26.255938085478814   19.211374583797834 
	430	 5 	  1  -16.949753393066946  -26.255938085478814   20.211374583797834 
	431	 5 	  1  -16.949753393066946  -26.255938085478814   21.211374583797834 
	432	 5 	  1  -16.949753393066946  -26.255938085478814   22.211374583797834 
	433	 5 	  1  -16.949753393066946  -26.255938085478814   23.211374583797834 
	434	 5 	  1  -16.949753393066946  -26.255938085478814   24.211374583797834 
	435	 5 	  1  -16.949753393066946  -26.255938085478814   25.211374583797834 
	436	 5 	  1  -16.949753393066946  -26.255938085478814   26.211374583797834 
	437	 5 	  1  -16.949753393066946  -26.255938085478814   27.211374583797834 
	438	 5 	  1  -16.949753393066946  -26.255938085478814   28.211374583797834 
	439	 5 	  1  -16.949753393066946  -26.255938085478814   29.211374583797834 
	440	 5 	  1  -16.949753393066946  -26.255938085478814   30.211374583797834 
	441	 5 	  1  -16.949753393066946  -26.255938085478814   31.211374583797834 
	442	 5 	  1  -16.949753393066946  -26.255938085478814   32.211374583797834 
	443	 5 	  1  -16.949753393066946  -26.255938085478814   33.211374583797834 
	444	 5 	  1  -16.949753393066946  -26.255938085478814   34.211374583797834 
	445	 5 	  1  -16.949753393066946  -26.255938085478814   35.211374583797834 
	446	 5 	  1  -16.949753393066946  -26.255938085478814   36.211374583797834 
	447	 5 	  1  -16.949753393066946  -26.255938085478814   37.211374583797834 
	448	 5 	  1  -16.949753393066946  -26.255938085478814   38.211374583797834 
	449	 5 	  1  -16.949753393066946  -26.255938085478814   39.211374583797834 
	450	 5 	  21  -16.949753393066946  -26.255938085478814   40.211374583797834 
	451	 6 	  22  -36.455989332987606  37.36594172492739   -41.03500693296589 
	452	 6 	  1  -36.455989332987606  37.36594172492739   -40.03500693296589 
	453	 6 	  1  -36.455989332987606  37.36594172492739   -39.03500693296589 
	454	 6 	  1  -36.455989332987606  37.36594172492739   -38.03500693296589 
	455	 6 	  1  -36.455989332987606  37.36594172492739   -37.03500693296589 
	456	 6 	  1  -36.455989332987606  37.36594172492739   -36.03500693296589 
	457	 6 	  1  -36.455989332987606  37.36594172492739   -35.03500693296589 
	458	 6 	  1  -36.455989332987606  37.36594172492739   -34.03500693296589 
	459	 6 	  1  -36.455989332987606  37.36594172492739   -33.03500693296589 
	460	 6 	  1  -36.455989332987606  37.36594172492739   -32.03500693296589 
	461	 6 	  1  -36.455989332987606  37.36594172492739   -31.035006932965892 
	462	 6 	  1  -36.455989332987606  37.36594172492739   -30.035006932965892 
	463	 6 	  1  -36.455989332987606  37.36594172492739   -29.035006932965892 
	464	 6 	  1  -36.455989332987606  37.36594172492739   -28.035006932965892 
	465	 6 	  1  -36.455989332987606  37.36594172492739   -27.035006932965892 
	466	 6 	  1  -36.455989332987606  37.36594172492739   -26.035006932965892 
	467	 6 	  1  -36.455989332987606  37.36594172492739   -25.035006932965892 
	468	 6 	  1  -36.455989332987606  37.36594172492739   -24.035006932965892 
	469	 6 	  1  -36.455989332987606  37.36594172492739   -23.035006932965892 
	470	 6 	  1  -36.455989332987606  37.36594172492739   -22.035006932965892 
	471	 6 	  1  -36.455989332987606  37.36594172492739   -21.035006932965892 
	472	 6 	  1  -36.455989332987606  37.36594172492739   -20.035006932965892 
	473	 6 	  1  -36.455989332987606  37.36594172492739   -19.035006932965892 
	474	 6 	  1  -36.455989332987606  37.36594172492739   -18.035006932965892 
	475	 6 	  1  -36.455989332987606  37.36594172492739   -17.035006932965892 
	476	 6 	  1  -36.455989332987606  37.36594172492739   -16.035006932965892 
	477	 6 	  1  -36.455989332987606  37.36594172492739   -15.035006932965892 
	478	 6 	  1  -36.455989332987606  37.36594172492739   -14.035006932965892 
	479	 6 	  1  -36.455989332987606  37.36594172492739   -13.035006932965892 
	480	 6 	  23  -36.455989332987606  37.36594172492739   -12.035006932965892 
	481	 6 	  1  -36.455989332987606  37.36594172492739   -11.035006932965892 
	482	 6 	  1  -36.455989332987606  37.36594172492739   -10.035006932965892 
	483	 6 	  1  -36.455989332987606  37.36594172492739   -9.035006932965892 
	484	 6 	  1  -36.455989332987606  37.36594172492739   -8.035006932965892 
	485	 6 	  1  -36.455989332987606  37.36594172492739   -7.035006932965892 
	486	 6 	  1  -36.455989332987606  37.36594172492739   -6.035006932965892 
	487	 6 	  1  -36.455989332987606  37.36594172492739   -5.035006932965892 
	488	 6 	  1  -36.455989332987606  37.36594172492739   -4.035006932965892 
	489	 6 	  1  -36.455989332987606  37.36594172492739   -3.035006932965892 
	490	 6 	  1  -36.455989332987606  37.36594172492739   -2.035006932965892 
	491	 6 	  1  -36.455989332987606  37.36594172492739   -1.0350069329658922 
	492	 6 	  1  -36.455989332987606  37.36594172492739   -0.03500693296589219 
	493	 6 	  1  -36.455989332987606  37.36594172492739   0.9649930670341078 
	494	 6 	  1  -36.455989332987606  37.36594172492739   1.9649930670341078 
	495	 6 	  1  -36.455989332987606  37.36594172492739   2.964993067034108 
	496	 6 	  1  -36.455989332987606  37.36594172492739   3.964993067034108 
	497	 6 	  1  -36.455989332987606  37.36594172492739   4.964993067034108 
	498	 6 	  1  -36.455989332987606  37.36594172492739   5.964993067034108 
	499	 6 	  1  -36.455989332987606  37.36594172492739   6.964993067034108 
	500	 6 	  1  -36.455989332987606  37.36594172492739   7.964993067034108 
	501	 6 	  1  -36.455989332987606  37.36594172492739   8.964993067034108 
	502	 6 	  1  -36.455989332987606  37.36594172492739   9.964993067034108 
	503	 6 	  1  -36.455989332987606  37.36594172492739   10.964993067034108 
	504	 6 	  1  -36.455989332987606  37.36594172492739   11.964993067034108 
	505	 6 	  1  -36.455989332987606  37.36594172492739   12.964993067034108 
	506	 6 	  1  -36.455989332987606  37.36594172492739   13.964993067034108 
	507	 6 	  1  -36.455989332987606  37.36594172492739   14.964993067034108 
	508	 6 	  1  -36.455989332987606  37.36594172492739   15.964993067034108 
	509	 6 	  1  -36.455989332987606  37.36594172492739   16.964993067034108 
	510	 6 	  24  -36.455989332987606  37.36594172492739   17.964993067034108 
	511	 6 	  1  -36.455989332987606  37.36594172492739   18.964993067034108 
	512	 6 	  1  -36.455989332987606  37.36594172492739   19.964993067034108 
	513	 6 	  1  -36.455989332987606  37.36594172492739   20.964993067034108 
	514	 6 	  1  -36.455989332987606  37.36594172492739   21.964993067034108 
	515	 6 	  1  -36.455989332987606  37.36594172492739   22.964993067034108 
	516	 6 	  1  -36.455989332987606  37.36594172492739   23.964993067034108 
	517	 6 	  1  -36.455989332987606  37.36594172492739   24.964993067034108 
	518	 6 	  1  -36.455989332987606  37.36594172492739   25.964993067034108 
	519	 6 	  1  -36.455989332987606  37.36594172492739   26.964993067034108 
	520	 6 	  1  -36.455989332987606  37.36594172492739   27.964993067034108 
	521	 6 	  1  -36.455989332987606  37.36594172492739   28.964993067034108 
	522	 6 	  1  -36.455989332987606  37.36594172492739   29.964993067034108 
	523	 6 	  1  -36.455989332987606  37.36594172492739   30.964993067034108 
	524	 6 	  1  -36.455989332987606  37.36594172492739   31.964993067034108 
	525	 6 	  1  -36.455989332987606  37.36594172492739   32.96499306703411 
	526	 6 	  1  -36.455989332987606  37.36594172492739   33.96499306703411 
	527	 6 	  1  -36.455989332987606  37.36594172492739   34.96499306703411 
	528	 6 	  1  -36.455989332987606  37.36594172492739   35.96499306703411 
	529	 6 	  1  -36.455989332987606  37.36594172492739   36.96499306703411 
	530	 6 	  1  -36.455989332987606  37.36594172492739   37.96499306703411 
	531	 6 	  1  -36.455989332987606  37.36594172492739   38.96499306703411 
	532	 6 	  1  -36.455989332987606  37.36594172492739   39.96499306703411 
	533	 6 	  1  -36.455989332987606  37.36594172492739   40.96499306703411 
	534	 6 	  1  -36.455989332987606  37.36594172492739   41.96499306703411 
	535	 6 	  1  -36.455989332987606  37.36594172492739   42.96499306703411 
	536	 6 	  1  -36.455989332987606  37.36594172492739   43.96499306703411 
	537	 6 	  1  -36.455989332987606  37.36594172492739   44.96499306703411 
	538	 6 	  1  -36.455989332987606  37.36594172492739   45.96499306703411 
	539	 6 	  1  -36.455989332987606  37.36594172492739   46.96499306703411 
	540	 6 	  25  -36.455989332987606  37.36594172492739   47.96499306703411 
	541	 7 	  26  -41.251613686483864  27.968182772529083   -45.04630091226717 
	542	 7 	  1  -41.251613686483864  27.968182772529083   -44.04630091226717 
	543	 7 	  1  -41.251613686483864  27.968182772529083   -43.04630091226717 
	544	 7 	  1  -41.251613686483864  27.968182772529083   -42.04630091226717 
	545	 7 	  1  -41.251613686483864  27.968182772529083   -41.04630091226717 
	546	 7 	  1  -41.251613686483864  27.968182772529083   -40.04630091226717 
	547	 7 	  1  -41.251613686483864  27.968182772529083   -39.04630091226717 
	548	 7 	  1  -41.251613686483864  27.968182772529083   -38.04630091226717 
	549	 7 	  1  -41.251613686483864  27.968182772529083   -37.04630091226717 
	550	 7 	  1  -41.251613686483864  27.968182772529083   -36.04630091226717 
	551	 7 	  1  -41.251613686483864  27.968182772529083   -35.04630091226717 
	552	 7 	  1  -41.251613686483864  27.968182772529083   -34.04630091226717 
	553	 7 	  1  -41.251613686483864  27.968182772529083   -33.04630091226717 
	554	 7 	  1  -41.251613686483864  27.968182772529083   -32.04630091226717 
	555	 7 	  1  -41.251613686483864  27.968182772529083   -31.04630091226717 
	556	 7 	  1  -41.251613686483864  27.968182772529083   -30.04630091226717 
	557	 7 	  1  -41.251613686483864  27.968182772529083   -29.04630091226717 
	558	 7 	  1  -41.251613686483864  27.968182772529083   -28.04630091226717 
	559	 7 	  1  -41.251613686483864  27.968182772529083   -27.04630091226717 
	560	 7 	  1  -41.251613686483864  27.968182772529083   -26.04630091226717 
	561	 7 	  1  -41.251613686483864  27.968182772529083   -25.04630091226717 
	562	 7 	  1  -41.251613686483864  27.968182772529083   -24.04630091226717 
	563	 7 	  1  -41.251613686483864  27.968182772529083   -23.04630091226717 
	564	 7 	  1  -41.251613686483864  27.968182772529083   -22.04630091226717 
	565	 7 	  1  -41.251613686483864  27.968182772529083   -21.04630091226717 
	566	 7 	  1  -41.251613686483864  27.968182772529083   -20.04630091226717 
	567	 7 	  1  -41.251613686483864  27.968182772529083   -19.04630091226717 
	568	 7 	  1  -41.251613686483864  27.968182772529083   -18.04630091226717 
	569	 7 	  1  -41.251613686483864  27.968182772529083   -17.04630091226717 
	570	 7 	  27  -41.251613686483864  27.968182772529083   -16.04630091226717 
	571	 7 	  1  -41.251613686483864  27.968182772529083   -15.04630091226717 
	572	 7 	  1  -41.251613686483864  27.968182772529083   -14.04630091226717 
	573	 7 	  1  -41.251613686483864  27.968182772529083   -13.04630091226717 
	574	 7 	  1  -41.251613686483864  27.968182772529083   -12.04630091226717 
	575	 7 	  1  -41.251613686483864  27.968182772529083   -11.04630091226717 
	576	 7 	  1  -41.251613686483864  27.968182772529083   -10.04630091226717 
	577	 7 	  1  -41.251613686483864  27.968182772529083   -9.04630091226717 
	578	 7 	  1  -41.251613686483864  27.968182772529083   -8.04630091226717 
	579	 7 	  1  -41.251613686483864  27.968182772529083   -7.046300912267171 
	580	 7 	  1  -41.251613686483864  27.968182772529083   -6.046300912267171 
	581	 7 	  1  -41.251613686483864  27.968182772529083   -5.046300912267171 
	582	 7 	  1  -41.251613686483864  27.968182772529083   -4.046300912267171 
	583	 7 	  1  -41.251613686483864  27.968182772529083   -3.0463009122671707 
	584	 7 	  1  -41.251613686483864  27.968182772529083   -2.0463009122671707 
	585	 7 	  1  -41.251613686483864  27.968182772529083   -1.0463009122671707 
	586	 7 	  1  -41.251613686483864  27.968182772529083   -0.0463009122671707 
	587	 7 	  1  -41.251613686483864  27.968182772529083   0.9536990877328293 
	588	 7 	  1  -41.251613686483864  27.968182772529083   1.9536990877328293 
	589	 7 	  1  -41.251613686483864  27.968182772529083   2.9536990877328293 
	590	 7 	  1  -41.251613686483864  27.968182772529083   3.9536990877328293 
	591	 7 	  1  -41.251613686483864  27.968182772529083   4.953699087732829 
	592	 7 	  1  -41.251613686483864  27.968182772529083   5.953699087732829 
	593	 7 	  1  -41.251613686483864  27.968182772529083   6.953699087732829 
	594	 7 	  1  -41.251613686483864  27.968182772529083   7.953699087732829 
	595	 7 	  1  -41.251613686483864  27.968182772529083   8.95369908773283 
	596	 7 	  1  -41.251613686483864  27.968182772529083   9.95369908773283 
	597	 7 	  1  -41.251613686483864  27.968182772529083   10.95369908773283 
	598	 7 	  1  -41.251613686483864  27.968182772529083   11.95369908773283 
	599	 7 	  1  -41.251613686483864  27.968182772529083   12.95369908773283 
	600	 7 	  28  -41.251613686483864  27.968182772529083   13.95369908773283 
	601	 7 	  1  -41.251613686483864  27.968182772529083   14.95369908773283 
	602	 7 	  1  -41.251613686483864  27.968182772529083   15.95369908773283 
	603	 7 	  1  -41.251613686483864  27.968182772529083   16.95369908773283 
	604	 7 	  1  -41.251613686483864  27.968182772529083   17.95369908773283 
	605	 7 	  1  -41.251613686483864  27.968182772529083   18.95369908773283 
	606	 7 	  1  -41.251613686483864  27.968182772529083   19.95369908773283 
	607	 7 	  1  -41.251613686483864  27.968182772529083   20.95369908773283 
	608	 7 	  1  -41.251613686483864  27.968182772529083   21.95369908773283 
	609	 7 	  1  -41.251613686483864  27.968182772529083   22.95369908773283 
	610	 7 	  1  -41.251613686483864  27.968182772529083   23.95369908773283 
	611	 7 	  1  -41.251613686483864  27.968182772529083   24.95369908773283 
	612	 7 	  1  -41.251613686483864  27.968182772529083   25.95369908773283 
	613	 7 	  1  -41.251613686483864  27.968182772529083   26.95369908773283 
	614	 7 	  1  -41.251613686483864  27.968182772529083   27.95369908773283 
	615	 7 	  1  -41.251613686483864  27.968182772529083   28.95369908773283 
	616	 7 	  1  -41.251613686483864  27.968182772529083   29.95369908773283 
	617	 7 	  1  -41.251613686483864  27.968182772529083   30.95369908773283 
	618	 7 	  1  -41.251613686483864  27.968182772529083   31.95369908773283 
	619	 7 	  1  -41.251613686483864  27.968182772529083   32.95369908773283 
	620	 7 	  1  -41.251613686483864  27.968182772529083   33.95369908773283 
	621	 7 	  1  -41.251613686483864  27.968182772529083   34.95369908773283 
	622	 7 	  1  -41.251613686483864  27.968182772529083   35.95369908773283 
	623	 7 	  1  -41.251613686483864  27.968182772529083   36.95369908773283 
	624	 7 	  1  -41.251613686483864  27.968182772529083   37.95369908773283 
	625	 7 	  1  -41.251613686483864  27.968182772529083   38.95369908773283 
	626	 7 	  1  -41.251613686483864  27.968182772529083   39.95369908773283 
	627	 7 	  1  -41.251613686483864  27.968182772529083   40.95369908773283 
	628	 7 	  1  -41.251613686483864  27.968182772529083   41.95369908773283 
	629	 7 	  1  -41.251613686483864  27.968182772529083   42.95369908773283 
	630	 7 	  29  -41.251613686483864  27.968182772529083   43.95369908773283 
	631	 8 	  30  -23.742427930321874  2.8131542744326277   -41.80219239267132 
	632	 8 	  1  -23.742427930321874  2.8131542744326277   -40.80219239267132 
	633	 8 	  1  -23.742427930321874  2.8131542744326277   -39.80219239267132 
	634	 8 	  1  -23.742427930321874  2.8131542744326277   -38.80219239267132 
	635	 8 	  1  -23.742427930321874  2.8131542744326277   -37.80219239267132 
	636	 8 	  1  -23.742427930321874  2.8131542744326277   -36.80219239267132 
	637	 8 	  1  -23.742427930321874  2.8131542744326277   -35.80219239267132 
	638	 8 	  1  -23.742427930321874  2.8131542744326277   -34.80219239267132 
	639	 8 	  1  -23.742427930321874  2.8131542744326277   -33.80219239267132 
	640	 8 	  1  -23.742427930321874  2.8131542744326277   -32.80219239267132 
	641	 8 	  1  -23.742427930321874  2.8131542744326277   -31.802192392671323 
	642	 8 	  1  -23.742427930321874  2.8131542744326277   -30.802192392671323 
	643	 8 	  1  -23.742427930321874  2.8131542744326277   -29.802192392671323 
	644	 8 	  1  -23.742427930321874  2.8131542744326277   -28.802192392671323 
	645	 8 	  1  -23.742427930321874  2.8131542744326277   -27.802192392671323 
	646	 8 	  1  -23.742427930321874  2.8131542744326277   -26.802192392671323 
	647	 8 	  1  -23.742427930321874  2.8131542744326277   -25.802192392671323 
	648	 8 	  1  -23.742427930321874  2.8131542744326277   -24.802192392671323 
	649	 8 	  1  -23.742427930321874  2.8131542744326277   -23.802192392671323 
	650	 8 	  1  -23.742427930321874  2.8131542744326277   -22.802192392671323 
	651	 8 	  1  -23.742427930321874  2.8131542744326277   -21.802192392671323 
	652	 8 	  1  -23.742427930321874  2.8131542744326277   -20.802192392671323 
	653	 8 	  1  -23.742427930321874  2.8131542744326277   -19.802192392671323 
	654	 8 	  1  -23.742427930321874  2.8131542744326277   -18.802192392671323 
	655	 8 	  1  -23.742427930321874  2.8131542744326277   -17.802192392671323 
	656	 8 	  1  -23.742427930321874  2.8131542744326277   -16.802192392671323 
	657	 8 	  1  -23.742427930321874  2.8131542744326277   -15.802192392671323 
	658	 8 	  1  -23.742427930321874  2.8131542744326277   -14.802192392671323 
	659	 8 	  1  -23.742427930321874  2.8131542744326277   -13.802192392671323 
	660	 8 	  31  -23.742427930321874  2.8131542744326277   -12.802192392671323 
	661	 8 	  1  -23.742427930321874  2.8131542744326277   -11.802192392671323 
	662	 8 	  1  -23.742427930321874  2.8131542744326277   -10.802192392671323 
	663	 8 	  1  -23.742427930321874  2.8131542744326277   -9.802192392671323 
	664	 8 	  1  -23.742427930321874  2.8131542744326277   -8.802192392671323 
	665	 8 	  1  -23.742427930321874  2.8131542744326277   -7.802192392671323 
	666	 8 	  1  -23.742427930321874  2.8131542744326277   -6.802192392671323 
	667	 8 	  1  -23.742427930321874  2.8131542744326277   -5.802192392671323 
	668	 8 	  1  -23.742427930321874  2.8131542744326277   -4.802192392671323 
	669	 8 	  1  -23.742427930321874  2.8131542744326277   -3.802192392671323 
	670	 8 	  1  -23.742427930321874  2.8131542744326277   -2.802192392671323 
	671	 8 	  1  -23.742427930321874  2.8131542744326277   -1.8021923926713228 
	672	 8 	  1  -23.742427930321874  2.8131542744326277   -0.8021923926713228 
	673	 8 	  1  -23.742427930321874  2.8131542744326277   0.1978076073286772 
	674	 8 	  1  -23.742427930321874  2.8131542744326277   1.1978076073286772 
	675	 8 	  1  -23.742427930321874  2.8131542744326277   2.197807607328677 
	676	 8 	  1  -23.742427930321874  2.8131542744326277   3.197807607328677 
	677	 8 	  1  -23.742427930321874  2.8131542744326277   4.197807607328677 
	678	 8 	  1  -23.742427930321874  2.8131542744326277   5.197807607328677 
	679	 8 	  1  -23.742427930321874  2.8131542744326277   6.197807607328677 
	680	 8 	  1  -23.742427930321874  2.8131542744326277   7.197807607328677 
	681	 8 	  1  -23.742427930321874  2.8131542744326277   8.197807607328677 
	682	 8 	  1  -23.742427930321874  2.8131542744326277   9.197807607328677 
	683	 8 	  1  -23.742427930321874  2.8131542744326277   10.197807607328677 
	684	 8 	  1  -23.742427930321874  2.8131542744326277   11.197807607328677 
	685	 8 	  1  -23.742427930321874  2.8131542744326277   12.197807607328677 
	686	 8 	  1  -23.742427930321874  2.8131542744326277   13.197807607328677 
	687	 8 	  1  -23.742427930321874  2.8131542744326277   14.197807607328677 
	688	 8 	  1  -23.742427930321874  2.8131542744326277   15.197807607328677 
	689	 8 	  1  -23.742427930321874  2.8131542744326277   16.197807607328677 
	690	 8 	  32  -23.742427930321874  2.8131542744326277   17.197807607328677 
	691	 8 	  1  -23.742427930321874  2.8131542744326277   18.197807607328677 
	692	 8 	  1  -23.742427930321874  2.8131542744326277   19.197807607328677 
	693	 8 	  1  -23.742427930321874  2.8131542744326277   20.197807607328677 
	694	 8 	  1  -23.742427930321874  2.8131542744326277   21.197807607328677 
	695	 8 	  1  -23.742427930321874  2.8131542744326277   22.197807607328677 
	696	 8 	  1  -23.742427930321874  2.8131542744326277   23.197807607328677 
	697	 8 	  1  -23.742427930321874  2.8131542744326277   24.197807607328677 
	698	 8 	  1  -23.742427930321874  2.8131542744326277   25.197807607328677 
	699	 8 	  1  -23.742427930321874  2.8131542744326277   26.197807607328677 
	700	 8 	  1  -23.742427930321874  2.8131542744326277   27.197807607328677 
	701	 8 	  1  -23.742427930321874  2.8131542744326277   28.197807607328677 
	702	 8 	  1  -23.742427930321874  2.8131542744326277   29.197807607328677 
	703	 8 	  1  -23.742427930321874  2.8131542744326277   30.197807607328677 
	704	 8 	  1  -23.742427930321874  2.8131542744326277   31.197807607328677 
	705	 8 	  1  -23.742427930321874  2.8131542744326277   32.19780760732868 
	706	 8 	  1  -23.742427930321874  2.8131542744326277   33.19780760732868 
	707	 8 	  1  -23.742427930321874  2.8131542744326277   34.19780760732868 
	708	 8 	  1  -23.742427930321874  2.8131542744326277   35.19780760732868 
	709	 8 	  1  -23.742427930321874  2.8131542744326277   36.19780760732868 
	710	 8 	  1  -23.742427930321874  2.8131542744326277   37.19780760732868 
	711	 8 	  1  -23.742427930321874  2.8131542744326277   38.19780760732868 
	712	 8 	  1  -23.742427930321874  2.8131542744326277   39.19780760732868 
	713	 8 	  1  -23.742427930321874  2.8131542744326277   40.19780760732868 
	714	 8 	  1  -23.742427930321874  2.8131542744326277   41.19780760732868 
	715	 8 	  1  -23.742427930321874  2.8131542744326277   42.19780760732868 
	716	 8 	  1  -23.742427930321874  2.8131542744326277   43.19780760732868 
	717	 8 	  1  -23.742427930321874  2.8131542744326277   44.19780760732868 
	718	 8 	  1  -23.742427930321874  2.8131542744326277   45.19780760732868 
	719	 8 	  1  -23.742427930321874  2.8131542744326277   46.19780760732868 
	720	 8 	  33  -23.742427930321874  2.8131542744326277   47.19780760732868 
	721	 9 	  34  -30.908623875908358  -5.1022974453916685   -40.20027050045491 
	722	 9 	  1  -30.908623875908358  -5.1022974453916685   -39.20027050045491 
	723	 9 	  1  -30.908623875908358  -5.1022974453916685   -38.20027050045491 
	724	 9 	  1  -30.908623875908358  -5.1022974453916685   -37.20027050045491 
	725	 9 	  1  -30.908623875908358  -5.1022974453916685   -36.20027050045491 
	726	 9 	  1  -30.908623875908358  -5.1022974453916685   -35.20027050045491 
	727	 9 	  1  -30.908623875908358  -5.1022974453916685   -34.20027050045491 
	728	 9 	  1  -30.908623875908358  -5.1022974453916685   -33.20027050045491 
	729	 9 	  1  -30.908623875908358  -5.1022974453916685   -32.20027050045491 
	730	 9 	  1  -30.908623875908358  -5.1022974453916685   -31.200270500454913 
	731	 9 	  1  -30.908623875908358  -5.1022974453916685   -30.200270500454913 
	732	 9 	  1  -30.908623875908358  -5.1022974453916685   -29.200270500454913 
	733	 9 	  1  -30.908623875908358  -5.1022974453916685   -28.200270500454913 
	734	 9 	  1  -30.908623875908358  -5.1022974453916685   -27.200270500454913 
	735	 9 	  1  -30.908623875908358  -5.1022974453916685   -26.200270500454913 
	736	 9 	  1  -30.908623875908358  -5.1022974453916685   -25.200270500454913 
	737	 9 	  1  -30.908623875908358  -5.1022974453916685   -24.200270500454913 
	738	 9 	  1  -30.908623875908358  -5.1022974453916685   -23.200270500454913 
	739	 9 	  1  -30.908623875908358  -5.1022974453916685   -22.200270500454913 
	740	 9 	  1  -30.908623875908358  -5.1022974453916685   -21.200270500454913 
	741	 9 	  1  -30.908623875908358  -5.1022974453916685   -20.200270500454913 
	742	 9 	  1  -30.908623875908358  -5.1022974453916685   -19.200270500454913 
	743	 9 	  1  -30.908623875908358  -5.1022974453916685   -18.200270500454913 
	744	 9 	  1  -30.908623875908358  -5.1022974453916685   -17.200270500454913 
	745	 9 	  1  -30.908623875908358  -5.1022974453916685   -16.200270500454913 
	746	 9 	  1  -30.908623875908358  -5.1022974453916685   -15.200270500454913 
	747	 9 	  1  -30.908623875908358  -5.1022974453916685   -14.200270500454913 
	748	 9 	  1  -30.908623875908358  -5.1022974453916685   -13.200270500454913 
	749	 9 	  1  -30.908623875908358  -5.1022974453916685   -12.200270500454913 
	750	 9 	  35  -30.908623875908358  -5.1022974453916685   -11.200270500454913 
	751	 9 	  1  -30.908623875908358  -5.1022974453916685   -10.200270500454913 
	752	 9 	  1  -30.908623875908358  -5.1022974453916685   -9.200270500454913 
	753	 9 	  1  -30.908623875908358  -5.1022974453916685   -8.200270500454913 
	754	 9 	  1  -30.908623875908358  -5.1022974453916685   -7.200270500454913 
	755	 9 	  1  -30.908623875908358  -5.1022974453916685   -6.200270500454913 
	756	 9 	  1  -30.908623875908358  -5.1022974453916685   -5.200270500454913 
	757	 9 	  1  -30.908623875908358  -5.1022974453916685   -4.200270500454913 
	758	 9 	  1  -30.908623875908358  -5.1022974453916685   -3.200270500454913 
	759	 9 	  1  -30.908623875908358  -5.1022974453916685   -2.200270500454913 
	760	 9 	  1  -30.908623875908358  -5.1022974453916685   -1.2002705004549128 
	761	 9 	  1  -30.908623875908358  -5.1022974453916685   -0.2002705004549128 
	762	 9 	  1  -30.908623875908358  -5.1022974453916685   0.7997294995450872 
	763	 9 	  1  -30.908623875908358  -5.1022974453916685   1.7997294995450872 
	764	 9 	  1  -30.908623875908358  -5.1022974453916685   2.799729499545087 
	765	 9 	  1  -30.908623875908358  -5.1022974453916685   3.799729499545087 
	766	 9 	  1  -30.908623875908358  -5.1022974453916685   4.799729499545087 
	767	 9 	  1  -30.908623875908358  -5.1022974453916685   5.799729499545087 
	768	 9 	  1  -30.908623875908358  -5.1022974453916685   6.799729499545087 
	769	 9 	  1  -30.908623875908358  -5.1022974453916685   7.799729499545087 
	770	 9 	  1  -30.908623875908358  -5.1022974453916685   8.799729499545087 
	771	 9 	  1  -30.908623875908358  -5.1022974453916685   9.799729499545087 
	772	 9 	  1  -30.908623875908358  -5.1022974453916685   10.799729499545087 
	773	 9 	  1  -30.908623875908358  -5.1022974453916685   11.799729499545087 
	774	 9 	  1  -30.908623875908358  -5.1022974453916685   12.799729499545087 
	775	 9 	  1  -30.908623875908358  -5.1022974453916685   13.799729499545087 
	776	 9 	  1  -30.908623875908358  -5.1022974453916685   14.799729499545087 
	777	 9 	  1  -30.908623875908358  -5.1022974453916685   15.799729499545087 
	778	 9 	  1  -30.908623875908358  -5.1022974453916685   16.799729499545087 
	779	 9 	  1  -30.908623875908358  -5.1022974453916685   17.799729499545087 
	780	 9 	  36  -30.908623875908358  -5.1022974453916685   18.799729499545087 
	781	 9 	  1  -30.908623875908358  -5.1022974453916685   19.799729499545087 
	782	 9 	  1  -30.908623875908358  -5.1022974453916685   20.799729499545087 
	783	 9 	  1  -30.908623875908358  -5.1022974453916685   21.799729499545087 
	784	 9 	  1  -30.908623875908358  -5.1022974453916685   22.799729499545087 
	785	 9 	  1  -30.908623875908358  -5.1022974453916685   23.799729499545087 
	786	 9 	  1  -30.908623875908358  -5.1022974453916685   24.799729499545087 
	787	 9 	  1  -30.908623875908358  -5.1022974453916685   25.799729499545087 
	788	 9 	  1  -30.908623875908358  -5.1022974453916685   26.799729499545087 
	789	 9 	  1  -30.908623875908358  -5.1022974453916685   27.799729499545087 
	790	 9 	  1  -30.908623875908358  -5.1022974453916685   28.799729499545087 
	791	 9 	  1  -30.908623875908358  -5.1022974453916685   29.799729499545087 
	792	 9 	  1  -30.908623875908358  -5.1022974453916685   30.799729499545087 
	793	 9 	  1  -30.908623875908358  -5.1022974453916685   31.799729499545087 
	794	 9 	  1  -30.908623875908358  -5.1022974453916685   32.79972949954509 
	795	 9 	  1  -30.908623875908358  -5.1022974453916685   33.79972949954509 
	796	 9 	  1  -30.908623875908358  -5.1022974453916685   34.79972949954509 
	797	 9 	  1  -30.908623875908358  -5.1022974453916685   35.79972949954509 
	798	 9 	  1  -30.908623875908358  -5.1022974453916685   36.79972949954509 
	799	 9 	  1  -30.908623875908358  -5.1022974453916685   37.79972949954509 
	800	 9 	  1  -30.908623875908358  -5.1022974453916685   38.79972949954509 
	801	 9 	  1  -30.908623875908358  -5.1022974453916685   39.79972949954509 
	802	 9 	  1  -30.908623875908358  -5.1022974453916685   40.79972949954509 
	803	 9 	  1  -30.908623875908358  -5.1022974453916685   41.79972949954509 
	804	 9 	  1  -30.908623875908358  -5.1022974453916685   42.79972949954509 
	805	 9 	  1  -30.908623875908358  -5.1022974453916685   43.79972949954509 
	806	 9 	  1  -30.908623875908358  -5.1022974453916685   44.79972949954509 
	807	 9 	  1  -30.908623875908358  -5.1022974453916685   45.79972949954509 
	808	 9 	  1  -30.908623875908358  -5.1022974453916685   46.79972949954509 
	809	 9 	  1  -30.908623875908358  -5.1022974453916685   47.79972949954509 
	810	 9 	  37  -30.908623875908358  -5.1022974453916685   48.79972949954509 
	811	 10 	  38  5.791374062607146  -10.178292695801904   -43.953324764448034 
	812	 10 	  1  5.791374062607146  -10.178292695801904   -42.953324764448034 
	813	 10 	  1  5.791374062607146  -10.178292695801904   -41.953324764448034 
	814	 10 	  1  5.791374062607146  -10.178292695801904   -40.953324764448034 
	815	 10 	  1  5.791374062607146  -10.178292695801904   -39.953324764448034 
	816	 10 	  1  5.791374062607146  -10.178292695801904   -38.953324764448034 
	817	 10 	  1  5.791374062607146  -10.178292695801904   -37.953324764448034 
	818	 10 	  1  5.791374062607146  -10.178292695801904   -36.953324764448034 
	819	 10 	  1  5.791374062607146  -10.178292695801904   -35.953324764448034 
	820	 10 	  1  5.791374062607146  -10.178292695801904   -34.953324764448034 
	821	 10 	  1  5.791374062607146  -10.178292695801904   -33.953324764448034 
	822	 10 	  1  5.791374062607146  -10.178292695801904   -32.953324764448034 
	823	 10 	  1  5.791374062607146  -10.178292695801904   -31.953324764448034 
	824	 10 	  1  5.791374062607146  -10.178292695801904   -30.953324764448034 
	825	 10 	  1  5.791374062607146  -10.178292695801904   -29.953324764448034 
	826	 10 	  1  5.791374062607146  -10.178292695801904   -28.953324764448034 
	827	 10 	  1  5.791374062607146  -10.178292695801904   -27.953324764448034 
	828	 10 	  1  5.791374062607146  -10.178292695801904   -26.953324764448034 
	829	 10 	  1  5.791374062607146  -10.178292695801904   -25.953324764448034 
	830	 10 	  1  5.791374062607146  -10.178292695801904   -24.953324764448034 
	831	 10 	  1  5.791374062607146  -10.178292695801904   -23.953324764448034 
	832	 10 	  1  5.791374062607146  -10.178292695801904   -22.953324764448034 
	833	 10 	  1  5.791374062607146  -10.178292695801904   -21.953324764448034 
	834	 10 	  1  5.791374062607146  -10.178292695801904   -20.953324764448034 
	835	 10 	  1  5.791374062607146  -10.178292695801904   -19.953324764448034 
	836	 10 	  1  5.791374062607146  -10.178292695801904   -18.953324764448034 
	837	 10 	  1  5.791374062607146  -10.178292695801904   -17.953324764448034 
	838	 10 	  1  5.791374062607146  -10.178292695801904   -16.953324764448034 
	839	 10 	  1  5.791374062607146  -10.178292695801904   -15.953324764448034 
	840	 10 	  39  5.791374062607146  -10.178292695801904   -14.953324764448034 
	841	 10 	  1  5.791374062607146  -10.178292695801904   -13.953324764448034 
	842	 10 	  1  5.791374062607146  -10.178292695801904   -12.953324764448034 
	843	 10 	  1  5.791374062607146  -10.178292695801904   -11.953324764448034 
	844	 10 	  1  5.791374062607146  -10.178292695801904   -10.953324764448034 
	845	 10 	  1  5.791374062607146  -10.178292695801904   -9.953324764448034 
	846	 10 	  1  5.791374062607146  -10.178292695801904   -8.953324764448034 
	847	 10 	  1  5.791374062607146  -10.178292695801904   -7.953324764448034 
	848	 10 	  1  5.791374062607146  -10.178292695801904   -6.953324764448034 
	849	 10 	  1  5.791374062607146  -10.178292695801904   -5.953324764448034 
	850	 10 	  1  5.791374062607146  -10.178292695801904   -4.953324764448034 
	851	 10 	  1  5.791374062607146  -10.178292695801904   -3.953324764448034 
	852	 10 	  1  5.791374062607146  -10.178292695801904   -2.953324764448034 
	853	 10 	  1  5.791374062607146  -10.178292695801904   -1.953324764448034 
	854	 10 	  1  5.791374062607146  -10.178292695801904   -0.953324764448034 
	855	 10 	  1  5.791374062607146  -10.178292695801904   0.046675235551965955 
	856	 10 	  1  5.791374062607146  -10.178292695801904   1.046675235551966 
	857	 10 	  1  5.791374062607146  -10.178292695801904   2.046675235551966 
	858	 10 	  1  5.791374062607146  -10.178292695801904   3.046675235551966 
	859	 10 	  1  5.791374062607146  -10.178292695801904   4.046675235551966 
	860	 10 	  1  5.791374062607146  -10.178292695801904   5.046675235551966 
	861	 10 	  1  5.791374062607146  -10.178292695801904   6.046675235551966 
	862	 10 	  1  5.791374062607146  -10.178292695801904   7.046675235551966 
	863	 10 	  1  5.791374062607146  -10.178292695801904   8.046675235551966 
	864	 10 	  1  5.791374062607146  -10.178292695801904   9.046675235551966 
	865	 10 	  1  5.791374062607146  -10.178292695801904   10.046675235551966 
	866	 10 	  1  5.791374062607146  -10.178292695801904   11.046675235551966 
	867	 10 	  1  5.791374062607146  -10.178292695801904   12.046675235551966 
	868	 10 	  1  5.791374062607146  -10.178292695801904   13.046675235551966 
	869	 10 	  1  5.791374062607146  -10.178292695801904   14.046675235551966 
	870	 10 	  40  5.791374062607146  -10.178292695801904   15.046675235551966 
	871	 10 	  1  5.791374062607146  -10.178292695801904   16.046675235551966 
	872	 10 	  1  5.791374062607146  -10.178292695801904   17.046675235551966 
	873	 10 	  1  5.791374062607146  -10.178292695801904   18.046675235551966 
	874	 10 	  1  5.791374062607146  -10.178292695801904   19.046675235551966 
	875	 10 	  1  5.791374062607146  -10.178292695801904   20.046675235551966 
	876	 10 	  1  5.791374062607146  -10.178292695801904   21.046675235551966 
	877	 10 	  1  5.791374062607146  -10.178292695801904   22.046675235551966 
	878	 10 	  1  5.791374062607146  -10.178292695801904   23.046675235551966 
	879	 10 	  1  5.791374062607146  -10.178292695801904   24.046675235551966 
	880	 10 	  1  5.791374062607146  -10.178292695801904   25.046675235551966 
	881	 10 	  1  5.791374062607146  -10.178292695801904   26.046675235551966 
	882	 10 	  1  5.791374062607146  -10.178292695801904   27.046675235551966 
	883	 10 	  1  5.791374062607146  -10.178292695801904   28.046675235551966 
	884	 10 	  1  5.791374062607146  -10.178292695801904   29.046675235551966 
	885	 10 	  1  5.791374062607146  -10.178292695801904   30.046675235551966 
	886	 10 	  1  5.791374062607146  -10.178292695801904   31.046675235551966 
	887	 10 	  1  5.791374062607146  -10.178292695801904   32.046675235551966 
	888	 10 	  1  5.791374062607146  -10.178292695801904   33.046675235551966 
	889	 10 	  1  5.791374062607146  -10.178292695801904   34.046675235551966 
	890	 10 	  1  5.791374062607146  -10.178292695801904   35.046675235551966 
	891	 10 	  1  5.791374062607146  -10.178292695801904   36.046675235551966 
	892	 10 	  1  5.791374062607146  -10.178292695801904   37.046675235551966 
	893	 10 	  1  5.791374062607146  -10.178292695801904   38.046675235551966 
	894	 10 	  1  5.791374062607146  -10.178292695801904   39.046675235551966 
	895	 10 	  1  5.791374062607146  -10.178292695801904   40.046675235551966 
	896	 10 	  1  5.791374062607146  -10.178292695801904   41.046675235551966 
	897	 10 	  1  5.791374062607146  -10.178292695801904   42.046675235551966 
	898	 10 	  1  5.791374062607146  -10.178292695801904   43.046675235551966 
	899	 10 	  1  5.791374062607146  -10.178292695801904   44.046675235551966 
	900	 10 	  41  5.791374062607146  -10.178292695801904   45.046675235551966 

Bonds

       1    1   1      2 
       2    1   2      3 
       3    1   3      4 
       4    1   4      5 
       5    1   5      6 
       6    1   6      7 
       7    1   7      8 
       8    1   8      9 
       9    1   9      10 
       10    1   10      11 
       11    1   11      12 
       12    1   12      13 
       13    1   13      14 
       14    1   14      15 
       15    1   15      16 
       16    1   16      17 
       17    1   17      18 
       18    1   18      19 
       19    1   19      20 
       20    1   20      21 
       21    1   21      22 
       22    1   22      23 
       23    1   23      24 
       24    1   24      25 
       25    1   25      26 
       26    1   26      27 
       27    1   27      28 
       28    1   28      29 
       29    1   29      30 
       30    1   30      31 
       31    1   31      32 
       32    1   32      33 
       33    1   33      34 
       34    1   34      35 
       35    1   35      36 
       36    1   36      37 
       37    1   37      38 
       38    1   38      39 
       39    1   39      40 
       40    1   40      41 
       41    1   41      42 
       42    1   42      43 
       43    1   43      44 
       44    1   44      45 
       45    1   45      46 
       46    1   46      47 
       47    1   47      48 
       48    1   48      49 
       49    1   49      50 
       50    1   50      51 
       51    1   51      52 
       52    1   52      53 
       53    1   53      54 
       54    1   54      55 
       55    1   55      56 
       56    1   56      57 
       57    1   57      58 
       58    1   58      59 
       59    1   59      60 
       60    1   60      61 
       61    1   61      62 
       62    1   62      63 
       63    1   63      64 
       64    1   64      65 
       65    1   65      66 
       66    1   66      67 
       67    1   67      68 
       68    1   68      69 
       69    1   69      70 
       70    1   70      71 
       71    1   71      72 
       72    1   72      73 
       73    1   73      74 
       74    1   74      75 
       75    1   75      76 
       76    1   76      77 
       77    1   77      78 
       78    1   78      79 
       79    1   79      80 
       80    1   80      81 
       81    1   81      82 
       82    1   82      83 
       83    1   83      84 
       84    1   84      85 
       85    1   85      86 
       86    1   86      87 
       87    1   87      88 
       88    1   88      89 
       89    1   89      90 
       90    1   91      92 
       91    1   92      93 
       92    1   93      94 
       93    1   94      95 
       94    1   95      96 
       95    1   96      97 
       96    1   97      98 
       97    1   98      99 
       98    1   99      100 
       99    1   100      101 
       100    1   101      102 
       101    1   102      103 
       102    1   103      104 
       103    1   104      105 
       104    1   105      106 
       105    1   106      107 
       106    1   107      108 
       107    1   108      109 
       108    1   109      110 
       109    1   110      111 
       110    1   111      112 
       111    1   112      113 
       112    1   113      114 
       113    1   114      115 
       114    1   115      116 
       115    1   116      117 
       116    1   117      118 
       117    1   118      119 
       118    1   119      120 
       119    1   120      121 
       120    1   121      122 
       121    1   122      123 
       122    1   123      124 
       123    1   124      125 
       124    1   125      126 
       125    1   126      127 
       126    1   127      128 
       127    1   128      129 
       128    1   129      130 
       129    1   130      131 
       130    1   131      132 
       131    1   132      133 
       132    1   133      134 
       133    1   134      135 
       134    1   135      136 
       135    1   136      137 
       136    1   137      138 
       137    1   138      139 
       138    1   139      140 
       139    1   140      141 
       140    1   141      142 
       141    1   142      143 
       142    1   143      144 
       143    1   144      145 
       144    1   145      146 
       145    1   146      147 
       146    1   147      148 
       147    1   148      149 
       148    1   149      150 
       149    1   150      151 
       150    1   151      152 
       151    1   152      153 
       152    1   153      154 
       153    1   154      155 
       154    1   155      156 
       155    1   156      157 
       156    1   157      158 
       157    1   158      159 
       158    1   159      160 
       159    1   160      161 
       160    1   161      162 
       161    1   162      163 
       162    1   163      164 
       163    1   164      165 
       164    1   165      166 
       165    1   166      167 
       166    1   167      168 
       167    1   168      169 
       168    1   169      170 
       169    1   170      171 
       170    1   171      172 
       171    1   172      173 
       172    1   173      174 
       173    1   174      175 
       174    1   175      176 
       175    1   176      177 
       176    1   177      178 
       177    1   178      179 
       178    1   179      180 
       179    1   181      182 
       180    1   182      183 
       181    1   183      184 
       182    1   184      185 
       183    1   185      186 
       184    1   186      187 
       185    1   187      188 
       186    1   188      189 
       187    1   189      190 
       188    1   190      191 
       189    1   191      192 
       190    1   192      193 
       191    1   193      194 
       192    1   194      195 
       193    1   195      196 
       194    1   196      197 
       195    1   197      198 
       196    1   198      199 
       197    1   199      200 
       198    1   200      201 
       199    1   201      202 
       200    1   202      203 
       201    1   203      204 
       202    1   204      205 
       203    1   205      206 
       204    1   206      207 
       205    1   207      208 
       206    1   208      209 
       207    1   209      210 
       208    1   210      211 
       209    1   211      212 
       210    1   212      213 
       211    1   213      214 
       212    1   214      215 
       213    1   215      216 
       214    1   216      217 
       215    1   217      218 
       216    1   218      219 
       217    1   219      220 
       218    1   220      221 
       219    1   221      222 
       220    1   222      223 
       221    1   223      224 
       222    1   224      225 
       223    1   225      226 
       224    1   226      227 
       225    1   227      228 
       226    1   228      229 
       227    1   229      230 
       228    1   230      231 
       229    1   231      232 
       230    1   232      233 
       231    1   233      234 
       232    1   234      235 
       233    1   235      236 
       234    1   236      237 
       235    1   237      238 
       236    1   238      239 
       237    1   239      240 
       238    1   240      241 
       239    1   241      242 
       240    1   242      243 
       241    1   243      244 
       242    1   244      245 
       243    1   245      246 
       244    1   246      247 
       245    1   247      248 
       246    1   248      249 
       247    1   249      250 
       248    1   250      251 
       249    1   251      252 
       250    1   252      253 
       251    1   253      254 
       252    1   254      255 
       253    1   255      256 
       254    1   256      257 
       255    1   257      258 
       256    1   258      259 
       257    1   259      260 
       258    1   260      261 
       259    1   261      262 
       260    1   262      263 
       261    1   263      264 
       262    1   264      265 
       263    1   265      266 
       264    1   266      267 
       265    1   267      268 
       266    1   268      269 
       267    1   269      270 
       268    1   271      272 
       269    1   272      273 
       270    1   273      274 
       271    1   274      275 
       272    1   275      276 
       273    1   276      277 
       274    1   277      278 
       275    1   278      279 
       276    1   279      280 
       277    1   280      281 
       278    1   281      282 
       279    1   282      283 
       280    1   283      284 
       281    1   284      285 
       282    1   285      286 
       283    1   286      287 
       284    1   287      288 
       285    1   288      289 
       286    1   289      290 
       287    1   290      291 
       288    1   291      292 
       289    1   292      293 
       290    1   293      294 
       291    1   294      295 
       292    1   295      296 
       293    1   296      297 
       294    1   297      298 
       295    1   298      299 
       296    1   299      300 
       297    1   300      301 
       298    1   301      302 
       299    1   302      303 
       300    1   303      304 
       301    1   304      305 
       302    1   305      306 
       303    1   306      307 
       304    1   307      308 
       305    1   308      309 
       306    1   309      310 
       307    1   310      311 
       308    1   311      312 
       309    1   312      313 
       310    1   313      314 
       311    1   314      315 
       312    1   315      316 
       313    1   316      317 
       314    1   317      318 
       315    1   318      319 
       316    1   319      320 
       317    1   320      321 
       318    1   321      322 
       319    1   322      323 
       320    1   323      324 
       321    1   324      325 
       322    1   325      326 
       323    1   326      327 
       324    1   327      328 
       325    1   328      329 
       326    1   329      330 
       327    1   330      331 
       328    1   331      332 
       329    1   332      333 
       330    1   333      334 
       331    1   334      335 
       332    1   335      336 
       333    1   336      337 
       334    1   337      338 
       335    1   338      339 
       336    1   339      340 
       337    1   340      341 
       338    1   341      342 
       339    1   342      343 
       340    1   343      344 
       341    1   344      345 
       342    1   345      346 
       343    1   346      347 
       344    1   347      348 
       345    1   348      349 
       346    1   349      350 
       347    1   350      351 
       348    1   351      352 
       349    1   352      353 
       350    1   353      354 
       351    1   354      355 
       352    1   355      356 
       353    1   356      357 
       354    1   357      358 
       355    1   358      359 
       356    1   359      360 
       357    1   361      362 
       358    1   362      363 
       359    1   363      364 
       360    1   364      365 
       361    1   365      366 
       362    1   366      367 
       363    1   367      368 
       364    1   368      369 
       365    1   369      370 
       366    1   370      371 
       367    1   371      372 
       368    1   372      373 
       369    1   373      374 
       370    1   374      375 
       371    1   375      376 
       372    1   376      377 
       373    1   377      378 
       374    1   378      379 
       375    1   379      380 
       376    1   380      381 
       377    1   381      382 
       378    1   382      383 
       379    1   383      384 
       380    1   384      385 
       381    1   385      386 
       382    1   386      387 
       383    1   387      388 
       384    1   388      389 
       385    1   389      390 
       386    1   390      391 
       387    1   391      392 
       388    1   392      393 
       389    1   393      394 
       390    1   394      395 
       391    1   395      396 
       392    1   396      397 
       393    1   397      398 
       394    1   398      399 
       395    1   399      400 
       396    1   400      401 
       397    1   401      402 
       398    1   402      403 
       399    1   403      404 
       400    1   404      405 
       401    1   405      406 
       402    1   406      407 
       403    1   407      408 
       404    1   408      409 
       405    1   409      410 
       406    1   410      411 
       407    1   411      412 
       408    1   412      413 
       409    1   413      414 
       410    1   414      415 
       411    1   415      416 
       412    1   416      417 
       413    1   417      418 
       414    1   418      419 
       415    1   419      420 
       416    1   420      421 
       417    1   421      422 
       418    1   422      423 
       419    1   423      424 
       420    1   424      425 
       421    1   425      426 
       422    1   426      427 
       423    1   427      428 
       424    1   428      429 
       425    1   429      430 
       426    1   430      431 
       427    1   431      432 
       428    1   432      433 
       429    1   433      434 
       430    1   434      435 
       431    1   435      436 
       432    1   436      437 
       433    1   437      438 
       434    1   438      439 
       435    1   439      440 
       436    1   440      441 
       437    1   441      442 
       438    1   442      443 
       439    1   443      444 
       440    1   444      445 
       441    1   445      446 
       442    1   446      447 
       443    1   447      448 
       444    1   448      449 
       445    1   449      450 
       446    1   451      452 
       447    1   452      453 
       448    1   453      454 
       449    1   454      455 
       450    1   455      456 
       451    1   456      457 
       452    1   457      458 
       453    1   458      459 
       454    1   459      460 
       455    1   460      461 
       456    1   461      462 
       457    1   462      463 
       458    1   463      464 
       459    1   464      465 
       460    1   465      466 
       461    1   466      467 
       462    1   467      468 
       463    1   468      469 
       464    1   469      470 
       465    1   470      471 
       466    1   471      472 
       467    1   472      473 
       468    1   473      474 
       469    1   474      475 
       470    1   475      476 
       471    1   476      477 
       472    1   477      478 
       473    1   478      479 
       474    1   479      480 
       475    1   480      481 
       476    1   481      482 
       477    1   482      483 
       478    1   483      484 
       479    1   484      485 
       480    1   485      486 
       481    1   486      487 
       482    1   487      488 
       483    1   488      489 
       484    1   489      490 
       485    1   490      491 
       486    1   491      492 
       487    1   492      493 
       488    1   493      494 
       489    1   494      495 
       490    1   495      496 
       491    1   496      497 
       492    1   497      498 
       493    1   498      499 
       494    1   499      500 
       495    1   500      501 
       496    1   501      502 
       497    1   502      503 
       498    1   503      504 
       499    1   504      505 
       500    1   505      506 
       501    1   506      507 
       502    1   507      508 
       503    1   508      509 
       504    1   509      510 
       505    1   510      511 
       506    1   511      512 
       507    1   512      513 
       508    1   513      514 
       509    1   514      515 
       510    1   515      516 
       511    1   516      517 
       512    1   517      518 
       513    1   518      519 
       514    1   519      520 
       515    1   520      521 
       516    1   521      522 
       517    1   522      523 
       518    1   523      524 
       519    1   524      525 
       520    1   525      526 
       521    1   526      527 
       522    1   527      528 
       523    1   528      529 
       524    1   529      530 
       525    1   530      531 
       526    1   531      532 
       527    1   532      533 
       528    1   533      534 
       529    1   534      535 
       530    1   535      536 
       531    1   536      537 
       532    1   537      538 
       533    1   538      539 
       534    1   539      540 
       535    1   541      542 
       536    1   542      543 
       537    1   543      544 
       538    1   544      545 
       539    1   545      546 
       540    1   546      547 
       541    1   547      548 
       542    1   548      549 
       543    1   549      550 
       544    1   550      551 
       545    1   551      552 
       546    1   552      553 
       547    1   553      554 
       548    1   554      555 
       549    1   555      556 
       550    1   556      557 
       551    1   557      558 
       552    1   558      559 
       553    1   559      560 
       554    1   560      561 
       555    1   561      562 
       556    1   562      563 
       557    1   563      564 
       558    1   564      565 
       559    1   565      566 
       560    1   566      567 
       561    1   567      568 
       562    1   568      569 
       563    1   569      570 
       564    1   570      571 
       565    1   571      572 
       566    1   572      573 
       567    1   573      574 
       568    1   574      575 
       569    1   575      576 
       570    1   576      577 
       571    1   577      578 
       572    1   578      579 
       573    1   579      580 
       574    1   580      581 
       575    1   581      582 
       576    1   582      583 
       577    1   583      584 
       578    1   584      585 
       579    1   585      586 
       580    1   586      587 
       581    1   587      588 
       582    1   588      589 
       583    1   589      590 
       584    1   590      591 
       585    1   591      592 
       586    1   592      593 
       587    1   593      594 
       588    1   594      595 
       589    1   595      596 
       590    1   596      597 
       591    1   597      598 
       592    1   598      599 
       593    1   599      600 
       594    1   600      601 
       595    1   601      602 
       596    1   602      603 
       597    1   603      604 
       598    1   604      605 
       599    1   605      606 
       600    1   606      607 
       601    1   607      608 
       602    1   608      609 
       603    1   609      610 
       604    1   610      611 
       605    1   611      612 
       606    1   612      613 
       607    1   613      614 
       608    1   614      615 
       609    1   615      616 
       610    1   616      617 
       611    1   617      618 
       612    1   618      619 
       613    1   619      620 
       614    1   620      621 
       615    1   621      622 
       616    1   622      623 
       617    1   623      624 
       618    1   624      625 
       619    1   625      626 
       620    1   626      627 
       621    1   627      628 
       622    1   628      629 
       623    1   629      630 
       624    1   631      632 
       625    1   632      633 
       626    1   633      634 
       627    1   634      635 
       628    1   635      636 
       629    1   636      637 
       630    1   637      638 
       631    1   638      639 
       632    1   639      640 
       633    1   640      641 
       634    1   641      642 
       635    1   642      643 
       636    1   643      644 
       637    1   644      645 
       638    1   645      646 
       639    1   646      647 
       640    1   647      648 
       641    1   648      649 
       642    1   649      650 
       643    1   650      651 
       644    1   651      652 
       645    1   652      653 
       646    1   653      654 
       647    1   654      655 
       648    1   655      656 
       649    1   656      657 
       650    1   657      658 
       651    1   658      659 
       652    1   659      660 
       653    1   660      661 
       654    1   661      662 
       655    1   662      663 
       656    1   663      664 
       657    1   664      665 
       658    1   665      666 
       659    1   666      667 
       660    1   667      668 
       661    1   668      669 
       662    1   669      670 
       663    1   670      671 
       664    1   671      672 
       665    1   672      673 
       666    1   673      674 
       667    1   674      675 
       668    1   675      676 
       669    1   676      677 
       670    1   677      678 
       671    1   678      679 
       672    1   679      680 
       673    1   680      681 
       674    1   681      682 
       675    1   682      683 
       676    1   683      684 
       677    1   684      685 
       678    1   685      686 
       679    1   686      687 
       680    1   687      688 
       681    1   688      689 
       682    1   689      690 
       683    1   690      691 
       684    1   691      692 
       685    1   692      693 
       686    1   693      694 
       687    1   694      695 
       688    1   695      696 
       689    1   696      697 
       690    1   697      698 
       691    1   698      699 
       692    1   699      700 
       693    1   700      701 
       694    1   701      702 
       695    1   702      703 
       696    1   703      704 
       697    1   704      705 
       698    1   705      706 
       699    1   706      707 
       700    1   707      708 
       701    1   708      709 
       702    1   709      710 
       703    1   710      711 
       704    1   711      712 
       705    1   712      713 
       706    1   713      714 
       707    1   714      715 
       708    1   715      716 
       709    1   716      717 
       710    1   717      718 
       711    1   718      719 
       712    1   719      720 
       713    1   721      722 
       714    1   722      723 
       715    1   723      724 
       716    1   724      725 
       717    1   725      726 
       718    1   726      727 
       719    1   727      728 
       720    1   728      729 
       721    1   729      730 
       722    1   730      731 
       723    1   731      732 
       724    1   732      733 
       725    1   733      734 
       726    1   734      735 
       727    1   735      736 
       728    1   736      737 
       729    1   737      738 
       730    1   738      739 
       731    1   739      740 
       732    1   740      741 
       733    1   741      742 
       734    1   742      743 
       735    1   743      744 
       736    1   744      745 
       737    1   745      746 
       738    1   746      747 
       739    1   747      748 
       740    1   748      749 
       741    1   749      750 
       742    1   750      751 
       743    1   751      752 
       744    1   752      753 
       745    1   753      754 
       746    1   754      755 
       747    1   755      756 
       748    1   756      757 
       749    1   757      758 
       750    1   758      759 
       751    1   759      760 
       752    1   760      761 
       753    1   761      762 
       754    1   762      763 
       755    1   763      764 
       756    1   764      765 
       757    1   765      766 
       758    1   766      767 
       759    1   767      768 
       760    1   768      769 
       761    1   769      770 
       762    1   770      771 
       763    1   771      772 
       764    1   772      773 
       765    1   773      774 
       766    1   774      775 
       767    1   775      776 
       768    1   776      777 
       769    1   777      778 
       770    1   778      779 
       771    1   779      780 
       772    1   780      781 
       773    1   781      782 
       774    1   782      783 
       775    1   783      784 
       776    1   784      785 
       777    1   785      786 
       778    1   786      787 
       779    1   787      788 
       780    1   788      789 
       781    1   789      790 
       782    1   790      791 
       783    1   791      792 
       784    1   792      793 
       785    1   793      794 
       786    1   794      795 
       787    1   795      796 
       788    1   796      797 
       789    1   797      798 
       790    1   798      799 
       791    1   799      800 
       792    1   800      801 
       793    1   801      802 
       794    1   802      803 
       795    1   803      804 
       796    1   804      805 
       797    1   805      806 
       798    1   806      807 
       799    1   807      808 
       800    1   808      809 
       801    1   809      810 
       802    1   811      812 
       803    1   812      813 
       804    1   813      814 
       805    1   814      815 
       806    1   815      816 
       807    1   816      817 
       808    1   817      818 
       809    1   818      819 
       810    1   819      820 
       811    1   820      821 
       812    1   821      822 
       813    1   822      823 
       814    1   823      824 
       815    1   824      825 
       816    1   825      826 
       817    1   826      827 
       818    1   827      828 
       819    1   828      829 
       820    1   829      830 
       821    1   830      831 
       822    1   831      832 
       823    1   832      833 
       824    1   833      834 
       825    1   834      835 
       826    1   835      836 
       827    1   836      837 
       828    1   837      838 
       829    1   838      839 
       830    1   839      840 
       831    1   840      841 
       832    1   841      842 
       833    1   842      843 
       834    1   843      844 
       835    1   844      845 
       836    1   845      846 
       837    1   846      847 
       838    1   847      848 
       839    1   848      849 
       840    1   849      850 
       841    1   850      851 
       842    1   851      852 
       843    1   852      853 
       844    1   853      854 
       845    1   854      855 
       846    1   855      856 
       847    1   856      857 
       848    1   857      858 
       849    1   858      859 
       850    1   859      860 
       851    1   860      861 
       852    1   861      862 
       853    1   862      863 
       854    1   863      864 
       855    1   864      865 
       856    1   865      866 
       857    1   866      867 
       858    1   867      868 
       859    1   868      869 
       860    1   869      870 
       861    1   870      871 
       862    1   871      872 
       863    1   872      873 
       864    1   873      874 
       865    1   874      875 
       866    1   875      876 
       867    1   876      877 
       868    1   877      878 
       869    1   878      879 
       870    1   879      880 
       871    1   880      881 
       872    1   881      882 
       873    1   882      883 
       874    1   883      884 
       875    1   884      885 
       876    1   885      886 
       877    1   886      887 
       878    1   887      888 
       879    1   888      889 
       880    1   889      890 
       881    1   890      891 
       882    1   891      892 
       883    1   892      893 
       884    1   893      894 
       885    1   894      895 
       886    1   895      896 
       887    1   896      897 
       888    1   897      898 
       889    1   898      899 
       890    1   899      900 
